,NO2_forecast,O3_forecast,T_forecast,q_forecast,u_forecast,v_forecast,w_forecast,NO2_target,O3_target,co,hcho,blh_era5,d2m_era5,solar_elevation,sp,t2m_era5,tcc_era5,u10_era5,v10_era5,wind_dir_deg,wind_speed,HCHO_satellite,HCHO_satellite_daily,HCHO_satellite_flag,NO2_satellite,NO2_satellite_daily,NO2_satellite_flag,ratio_satellite,ratio_satellite_daily,ratio_satellite_flag,aluvd,aluvp,aod550,bcaod550,pm1,pm10,pm2p5,so2,SZA_deg,no,no2,year,month,day,hour,day_of_week,day_of_year,is_weekend,hour_sin,hour_cos,month_sin,month_cos,day_of_year_sin,day_of_year_cos,dewpoint_depression,relative_humidity_approx,wind_direction_rad,no2_pm25_ratio,pm25_pm10_ratio,blh_wind_interaction,solar_elevation_squared,is_daytime,no2_lag_1h,no2_lag_3h,pm2p5_lag_1h,pm2p5_lag_3h,pm10_lag_1h,pm10_lag_3h,so2_lag_1h,so2_lag_3h,t2m_era5_lag_1h,t2m_era5_lag_3h,wind_speed_lag_1h,wind_speed_lag_3h,no2_rolling_mean_6h,pm2p5_rolling_mean_6h,NO2_target_rolling_mean_6h,O3_target_rolling_mean_6h
NO2_forecast,1.0,-0.6817817526302173,-0.23788856591909208,-0.1846254533443289,0.002896787081906045,-0.09818884753472967,0.5144301159305337,-0.16503947565223243,-0.021341626701089966,-0.03225024061601552,-0.04580603342361443,-0.008866103747967893,0.029878702994515578,-0.003672423418736578,0.018281857539218557,-0.008651391428450426,0.05309669556420698,0.06088982667386205,-0.006259561951360149,0.023514210078163355,0.02293658463933458,-4.6162201025078795e-05,-0.012235608796989195,-0.004572601457268293,0.0282546615556852,0.013425369717349358,-0.03833031922503782,-0.07282301471243237,-0.04156683100689953,-0.029220321102805317,-0.01726697171555877,-0.0229680537004054,0.002015059912024628,-0.05050250375325856,-0.030438464480983297,-0.02695220814496051,-0.027826338222412095,-0.023371616321780947,0.0036724234187338503,-0.04376946817444513,0.010905781671516842,0.19624280129815364,-0.03318096864632722,0.02067196532645163,0.009596784817236768,-0.014750434564452143,-0.03192739944990004,-0.0008555494727426433,-0.0082758521007083,0.006309910138909382,0.03566077812071786,-0.01677747378032271,0.03572223254291139,-0.0031313031205248785,-0.039987940456855095,0.040575510839513114,-0.01419388707810745,0.019944056631703747,-0.035861320109694846,0.007803293827376272,0.003996616910673237,-0.00373684212472398,0.010184047471933143,0.0073730540192592856,-0.028814147365501173,-0.030177912237367113,-0.027922391419891845,-0.029268194079769768,-0.02394693913055872,-0.02541066859417018,-0.004040471622410362,0.0015603217452976224,0.02765544466401074,0.0326023330335679,0.009184656861758591,-0.03171115272079989,-0.18409274539735412,-0.021131889151306465
O3_forecast,-0.6817817526302173,1.0,0.4209024801065663,0.01289181143016285,0.057336691086057066,0.00316799987344928,-0.7378867795041425,0.18351790245644664,0.0006327294097511993,0.021384218117062738,0.0497357020527033,0.02080600343566862,-0.010060697260158794,0.017618862204142674,-0.07726845050485827,0.05134907413043115,-0.06477370687499487,-0.05694363744302622,0.030065876885838793,0.027462439881139243,-0.00960195282455381,-0.03621859465550548,-0.01908093852558406,0.020886530457217712,-0.016482917279166946,-0.006403328818083045,0.05938657499041265,0.10128028784592948,0.09349805475286674,0.054124708278953194,0.09233695591726615,0.09532419121399287,-0.006428921207067664,0.025579123620036563,0.016810996382983716,0.016848099249858788,0.017497658139999626,0.01443790222449092,-0.017618862204139097,0.04366615795213792,-0.02626212674332257,-0.18393778828423038,0.0869152181835899,-0.023725750640543646,-6.182148297054395e-05,0.011312406449503471,0.08432326365220805,-0.01539961177367285,0.003972676505851193,-0.006605406440526767,-0.042071481621234155,-0.033958397919593604,-0.027101727010755795,-0.04823690847251466,0.07336352787051147,-0.07292472323001735,0.029083386663605538,-0.019447181691379618,0.02790996852107749,0.00234066152742297,-0.005117363191023019,0.007215208984750895,-0.026608975195743158,-0.024968612336337202,0.01682377491657341,0.015957880696290186,0.01612998037245614,0.015172763875386346,0.013692187472283077,0.012782690682056608,0.046778455665108375,0.04425053292910188,-0.011594640986282705,-0.013991418197617908,-0.028079548713984073,0.01751907792461416,0.20545934804230495,0.0006500261758856781
T_forecast,-0.23788856591909208,0.4209024801065663,1.0,-0.05322462839360086,0.08011210770580196,-0.04415214743761729,-0.33967385027971625,0.06707446710073159,-0.004636867551551019,-0.013751251471115078,0.008178804444097746,0.03592921964802303,0.045171932468622465,0.018751103733470758,-0.0902440223437887,0.09854185947897756,0.018130482082533966,-0.0018834088483965766,-0.004724384514553069,0.07356078427182947,0.0012647299127287043,-0.014228038071141471,-0.006997766013524377,-0.014235508563594774,-0.004906310532364242,-0.003167017127653364,0.00916105614440853,0.05692359191530348,0.048266816064402814,0.008612137985398817,0.06896994270978775,0.06866643757386671,0.030402687171905744,-0.012832131374543176,-0.01551302578485369,-0.008313975188122798,-0.008559831402846881,-0.008328944391030732,-0.018751103733468933,0.008038210393077116,-0.019730241658573823,-0.12180603200161116,0.02631451734902197,0.04204856323560369,0.001455254536709561,0.010398354810279141,0.029394973313547523,-0.024420120192992927,-0.0023032147478330733,-0.0008982166883034139,-0.02760982687397515,-0.06935873330483042,-0.0007837447367157297,-0.0704328510400219,0.07758224007115519,-0.07625507237755266,-0.01742462150260884,-0.006133543452327245,-0.03049322757131586,0.021216929535973313,0.00030374996096633425,0.004706154165551625,-0.020409587125984927,-0.022583491052076004,-0.009396491074062615,-0.010966617375449848,-0.009106254664111161,-0.010577765323310416,-0.00948694690498457,-0.011950107553697013,0.09945992680448956,0.1031666560298696,0.001583530882767058,0.003222553121781001,-0.024363761398580368,-0.01112436216349379,0.07217440268278184,-0.002699110307304974
q_forecast,-0.1846254533443289,0.01289181143016285,-0.05322462839360086,1.0,-0.16298040207897654,0.24041079620837855,-0.2506109554121886,-0.03185135152487988,0.014594161758477282,-0.013311371921923304,-0.033450023716339705,-0.006939278030536821,-0.016541231931344783,0.0001644760668796855,0.018737260213900493,0.010824251319527493,0.029881715215018433,-0.01094421581353227,-0.010649282402571257,-0.14023338651461684,0.0029038897806485295,0.03288648031801554,0.04082201788148243,0.02232656361634501,0.009401006536916546,0.012796179433218934,0.023437324445600795,0.006667364210144723,0.0064113630293292255,0.019674511309369435,0.01534967545126465,0.013181123309373065,-0.004055792774538704,-0.034344358707186336,-0.01599803496503517,-0.015206521605628834,-0.015565756169509977,-0.003819807601266069,-0.0001644760668797291,-0.0027555399076348588,-0.01382099376958794,-0.068897443262892,-0.06789996032611033,0.0013574842213931822,-0.0035371905059932204,-0.011149475976487936,-0.06713588559430879,0.004282230246540384,0.0033368110883903387,-0.0015787976766290569,0.0028831462080646814,-0.0021030840063750466,0.0016903085252759915,0.00578636437662394,0.029600746116424926,-0.030262714346549216,-0.011072641189609924,0.008746469201966879,0.0001280707870287708,-0.001758472308848333,0.0019870533853762196,0.00033820174385207526,-0.013601141961751403,-0.01286936073630728,-0.015443481031589707,-0.015059954773207344,-0.015051323095564253,-0.014645143339607048,-0.003412569708931986,-0.002326941332794775,0.008796426106494242,0.008397433598038111,0.004359721029327177,0.0047894213031953155,-0.014899148406453228,-0.016103676347844504,-0.034768497989673616,0.015641994824181125
u_forecast,0.002896787081906045,0.057336691086057066,0.08011210770580196,-0.16298040207897654,1.0,-0.4928749709398588,0.00908780063829106,0.062456887266380684,0.006450311953126036,0.010189330058174554,0.029010331146271582,-0.029561553443955654,0.05293647629211867,-0.00592585421680843,-0.029322580234009882,0.007435114659768482,0.0422370353174155,-0.041871591984731706,0.012702271225194302,0.7342220542171085,-0.04140506689875587,-0.0439430663902907,-0.018441960273643657,-0.004704189133877704,0.014823709655863588,0.010659970279328076,-0.04583164183721902,-0.005534205681594174,-0.004020775477321346,-0.03693403289263351,0.003693348293645824,0.002128649896519347,0.0443481476754246,0.03596637340485874,0.010683514390146497,0.012516180417055064,0.011816514110216636,0.0032050057570648916,0.00592585421680889,0.015433947902145903,0.012148564122524392,-0.03577255525920063,0.02273382866193992,0.009233975524090094,0.002948853298987444,-0.04151709904925005,0.0232818590507507,-0.024847681577881506,0.0013822242494247773,0.011285694607372778,-0.016792773647822216,-0.01725331372494613,-0.016479782619366543,-0.020799567442248475,-0.04269717418937637,0.04113764793219069,-0.02000364318287286,-0.0037468215737195337,-0.01841172600726036,-0.041913032553933215,-0.006726215722227568,-0.008056595007428417,0.015380153529229635,0.01923342268253425,0.01460691200822088,0.020393175767667453,0.015092797532707128,0.020456721380316366,0.006657159910014913,0.012984320342250154,0.009910592194252624,0.014764943371540492,-0.036403649695585384,-0.028361727508680833,0.019330216345035144,0.01959048137843348,0.06815756454373004,-0.0008561583382184727
v_forecast,-0.09818884753472967,0.00316799987344928,-0.04415214743761729,0.24041079620837855,-0.4928749709398588,1.0,-0.05278239178645904,-0.059764126829469265,0.011115817027787127,-0.004347745499327538,-0.011965871412481377,0.013242955910530634,-0.07761921372331113,-0.005625295428765943,0.026906409811808175,-0.02630366311059559,-0.05776277275772141,0.02109550824250843,-0.006168119439366493,-0.43374503862620123,0.009186088914604727,-0.01346667762096054,0.006450477668158091,0.013489123400539708,-0.0259142323600163,-0.01707894518073969,0.029585217535664416,0.029903598195962187,0.018986531786414608,0.024296716312927364,0.02278998196392067,0.02010432086032419,-0.05691147900771201,-0.04014689785228347,-0.010611839059013863,-0.012048480867235697,-0.012046305131501359,-0.0022567021144980727,0.005625295428766021,-0.004297235571943878,-0.005954845515890368,-0.030556188867689134,-0.03717476486447618,0.0030380362611682533,-0.013895382405434609,0.011556448840892781,-0.03641519207192212,0.013495269148016138,0.007778320969406091,0.0056549036251563375,0.04140188633117415,-0.0015857567250027024,0.03837200126896954,0.007900484090114897,0.043558865623972515,-0.04248450288906817,0.023339483792830556,0.01759870392392829,0.005511217447126412,0.02094883955695237,0.01005437039291574,-0.004663369284313788,-0.0073550884630891045,-0.00924022924594911,-0.0096709556753542,-0.00800743745842543,-0.009482803014506973,-0.007590764013714003,0.00019208655745875318,0.0024964161408703206,-0.027578485092752812,-0.02386173601196014,0.01153020614049778,0.013733435735966616,-0.009803116184540474,-0.009956732248461941,-0.06803038269267189,0.01678414198359759
w_forecast,0.5144301159305337,-0.7378867795041425,-0.33967385027971625,-0.2506109554121886,0.00908780063829106,-0.05278239178645904,1.0,-0.1037818669579382,-0.025180106349964048,-0.02369858279919569,-0.05229539826745554,-0.04785514614449445,0.1012320826574548,-0.013222846771903995,0.03836244522228845,-0.05142402528749664,0.09911135953691717,-0.03270250209034488,0.02721476680357404,0.018864302424842862,-0.03544386708088222,-0.006369579690776869,-0.008742525501486,-0.030264113094523568,0.037527742113466885,0.03799969228633999,-0.08629152887672362,-0.057648058929883894,-0.023787827313825942,-0.07349142917922254,-0.12577303113506744,-0.1314984372336599,-0.0059293128230064164,-0.02910329420506262,-0.019647890488996393,-0.02536363536696764,-0.02544262408761883,-0.01607599535267015,0.013222846771901622,-0.03149076850430384,0.006323382302735948,-0.04321705844611934,-0.0009479472282507525,0.006132875449223041,0.003449050186569117,0.0028468059920886946,8.972440935295741e-05,0.019568083113401285,-0.005582590114442746,0.0017158944663720353,-0.06686869449556451,0.05443443030647823,-0.08284727699588526,0.029092100743807626,-0.162828524248406,0.16468845030131643,0.008884888713712742,0.0412063500686577,-0.0010020966856870484,-0.03774520351932299,-0.002169762451896965,-0.003571100462903649,0.0065135404932531735,0.0057102820912292565,-0.02668621536288779,-0.030102479710534653,-0.026585167621058177,-0.029956987314826485,-0.017411551765877102,-0.02119832012422,-0.04946170733932488,-0.05035664206837062,-0.032932851127570176,-0.024265526349927253,0.006588352917383782,-0.03120986431593242,-0.11822966200254273,-0.02470690924246091
NO2_target,-0.16503947565223243,0.18351790245644664,0.06707446710073159,-0.03185135152487988,0.062456887266380684,-0.059764126829469265,-0.1037818669579382,1.0,-0.3393899653655941,0.3389448808430676,0.24039013437088252,-0.378474109512968,-0.21518222093912368,-0.013554690396850453,0.25902211668399105,-0.3228002584513612,-0.11448307247679258,-0.11750066029318572,0.061048231275685816,0.050379605606075364,-0.24996799867730865,-0.0196174185267372,0.09175661600368311,0.020419819192021085,0.2860695105528873,0.2611989418465706,0.006657370082784858,0.0779831198436425,0.0646340369842036,0.0031552734918388575,-0.20275812241408864,-0.19758551728762547,0.061222310006075406,0.25841653765859923,0.4270649955545145,0.41737219127383696,0.4214872827377707,0.371524326890752,0.013554690396851924,0.21890783133788685,0.4257060546760532,-0.157560900788814,0.09915075580374398,-0.006446266487256971,0.1604252939975865,-0.03499082726458336,0.09907604936919939,-0.02993774034906973,-0.2886126456448606,-0.07480067820400277,0.019460412626148595,0.32942534340813495,-0.07055429342997592,0.32233397454710344,-0.18825819417847806,0.17413638015350627,-0.0025089050888093775,-0.023797004596030916,0.16632347352329288,-0.3520131142587929,-0.11913001402634307,0.029314647755942422,0.3960238661898311,0.23124576502917438,0.3947841879252056,0.28797766346848036,0.39086085924329333,0.28549551752160146,0.3262749625952819,0.21513587312872182,-0.2978262808802025,-0.21587110115587985,-0.2559232666875616,-0.21623447478712968,0.29194753557269715,0.3253194610383951,0.8309062509683002,-0.09936102269930662
O3_target,-0.021341626701089966,0.0006327294097511993,-0.004636867551551019,0.014594161758477282,0.006450311953126036,0.011115817027787127,-0.025180106349964048,-0.3393899653655941,1.0,-0.3589399900768274,-0.2527775651049445,0.656928070445427,-0.1390465089728978,0.3960156590267546,-0.04868026413675619,0.39536514427442365,-0.11682081560132472,0.16328995898370113,-0.21701093558387963,0.012003404797695664,0.15930644200610566,0.18457826692424797,0.057450686528510396,0.0957903734067785,0.08353091245954194,-0.06502140232305952,0.11063787157371703,-0.03408002477703604,-0.0440185742499068,0.11045385121103767,0.1504007836720467,0.1530027801550084,-0.10049348235494517,-0.010769422470577338,-0.40717443847580637,-0.40912354802818107,-0.4124065024385375,-0.44649527545644785,-0.3960156590267542,-0.3168763056720959,-0.5520161316597435,0.019656008818733205,-0.06329690336439145,0.006281970040229394,-0.19890551653955046,-0.005542841105037378,-0.06269506581090169,0.00040930517224584053,0.45181112471624596,-0.39032927397536443,0.14680871315049057,-0.08724573795828795,0.16521315721640906,-0.04893060683203452,0.6252350631081535,-0.6251436386407944,-0.08755556581780158,-0.26409422170143115,-0.17143615427154,0.5030844776646998,-0.04047208717072164,0.36459698938103524,-0.5441231640487442,-0.36908550918959987,-0.39660440950931,-0.2675286745719401,-0.39269827625705583,-0.26362449608175764,-0.4438954080795413,-0.3463839390917951,0.3606598710032244,0.2254846126868591,0.15637111161635864,0.10717667002208614,-0.4307606762966247,-0.2954323610038018,-0.23109173321838208,0.730849367643054
co,-0.03225024061601552,0.021384218117062738,-0.013751251471115078,-0.013311371921923304,0.010189330058174554,-0.004347745499327538,-0.02369858279919569,0.3389448808430676,-0.3589399900768274,1.0,0.8107075407910258,-0.43541779557083277,-0.3788162219952239,-0.4838189463233417,0.49355965240900485,-0.6178889546227334,-0.18877362181316634,-0.06919923844873423,0.09757116040297138,0.00470489857712571,-0.3649325787498078,0.049533504672463397,0.10357869146536647,0.05585465317501604,0.4817221078968637,0.3747483751970164,0.06650740555208022,0.10425970675825816,0.10547438050063666,0.062302055315157284,-0.3534752651189584,-0.35100475125353936,0.08516894408245482,0.32973370205771924,0.9671032500097047,0.9591761101425471,0.9600338398612774,0.8834485853095537,0.4838189463233419,0.9206533385662449,0.6344354924886596,0.04503807304900559,0.07552801271338964,0.013361056896971186,0.12963415354747115,-0.023670211623313057,0.07825076140254564,-0.015865676679507452,-0.26228210928781803,0.3620628659006226,0.10341634463242708,0.507577784603096,-0.03142263499920161,0.5203545305998499,-0.3927776242092214,0.3937734239115168,0.01357325930285407,-0.2993142343637902,0.11282241256737201,-0.3698260585637177,0.14184350004689833,-0.3562336806842147,0.6284391142937008,0.5505000441865051,0.9528259073253295,0.8455954003251089,0.9514177505973934,0.8432670756594751,0.9075367686988685,0.851610942173306,-0.6079146643345839,-0.54371363053889,-0.356594594951989,-0.32837506644703607,0.6212303317600361,0.9047662426770992,0.3999931384641095,-0.3287352075402122
hcho,-0.04580603342361443,0.0497357020527033,0.008178804444097746,-0.033450023716339705,0.029010331146271582,-0.011965871412481377,-0.05229539826745554,0.24039013437088252,-0.2527775651049445,0.8107075407910258,1.0,-0.33659927146698343,-0.1707701453276624,-0.5016212023044511,0.313698061407613,-0.3846997968644389,-0.1512362748727268,-0.15100873418097963,0.19766821710073307,0.018150448733739808,-0.327547536890014,0.07362536118172995,0.11114172942630753,0.044232415401422066,0.30108771782875593,0.2479967719424429,0.028156894391104883,0.0035544141757721704,0.04324375355791484,0.033782189435197174,-0.10786906301528701,-0.1036954550273811,0.1591079384209376,0.3328419012266929,0.7346480410691537,0.7316759349002546,0.7318542590012277,0.6195621848936125,0.5016212023044511,0.7353168965021022,0.5099999868821959,0.013715643950820238,0.15332804490948612,0.021953575724375594,-0.0798659641983458,-0.027987460589837018,0.1557275332162431,-0.02028547872976199,0.012871440573144691,0.4506681832635944,0.004766584993461134,0.28678341703326393,-0.06849634187137611,0.27752488496527533,-0.3083425867583333,0.30548634516477036,0.1056440322176323,-0.18775885173302112,0.08311017430488946,-0.31462826003336675,-0.027201340687572524,-0.44309865848160324,0.5602384658999463,0.5732110280298468,0.7842448825849586,0.7927441863222182,0.7831089636048079,0.7899282691961698,0.6935368101701687,0.7580782879298501,-0.41448613252079963,-0.42371100668137957,-0.33383865306142796,-0.33814986479830594,0.6148063892780236,0.8066804031149649,0.31673019733463875,-0.3684954200820415
blh_era5,-0.008866103747967893,0.02080600343566862,0.03592921964802303,-0.006939278030536821,-0.029561553443955654,0.013242955910530634,-0.04785514614449445,-0.378474109512968,0.656928070445427,-0.43541779557083277,-0.33659927146698343,1.0,0.01916012769007731,0.4389031554504335,-0.22482702077191927,0.5587085162966073,0.006831099117125126,0.19054495367705718,-0.15339971852327258,-0.024005801244199893,0.33915031242319754,-0.014532475676107628,0.004355963932556157,0.05422489180333068,-0.3187413417992869,-0.14345631630219027,0.06635260615640372,-0.198551445593534,-0.08070224065162089,0.0727888310448157,0.2520569674352823,0.2551832906355787,-0.028824190321562325,-0.0799374899822045,-0.4974816955229586,-0.47937376023212236,-0.4882000161843846,-0.5343360707788501,-0.43890315545043346,-0.3498881196643711,-0.6736693301141812,0.04444028625466469,-0.06004053941886859,0.02685686817009168,-0.2387537172060023,0.003965807388342212,-0.0585677501871982,0.005980055735697909,0.5175619826921231,-0.3913652466476467,0.050010297793496035,-0.24450457221472327,0.11286184989953102,-0.2293396265934841,0.6721505574746061,-0.6524464383780016,-0.01680051480519228,-0.3239352833489252,-0.4075408155193465,0.8687071646388026,-0.001913516733902961,0.38345040021118026,-0.6481323952692607,-0.4539998738822427,-0.4665776316735137,-0.34291169148174727,-0.45730855323934766,-0.3347868893526216,-0.5234751998838856,-0.42044925399130834,0.5272366978498055,0.37461141171925394,0.29108656721881115,0.2534623656546863,-0.5366845578849717,-0.3767920249974963,-0.3033329135385188,0.4713965172989308
d2m_era5,0.029878702994515578,-0.010060697260158794,0.045171932468622465,-0.016541231931344783,0.05293647629211867,-0.07761921372331113,0.1012320826574548,-0.21518222093912368,-0.1390465089728978,-0.3788162219952239,-0.1707701453276624,0.01916012769007731,1.0,0.17204598028840107,-0.761508899390175,0.6146599608703633,0.41679187114789457,-0.3278220062106669,0.3402111693423433,0.036010985407555124,0.013438421807451084,-0.10230646329448752,-0.057306346662888655,-0.16654807698003773,-0.4374699590332937,-0.3709491927233523,-0.3036550536618942,-0.22647487907783032,-0.22124837273809234,-0.2665600687938713,0.40176446179053615,0.38545011112121114,0.2333095294464091,-0.12125896941867466,-0.40468009535334976,-0.38080117734080826,-0.3803620413212774,-0.3159868724312364,-0.17204598028840037,-0.1868717105282358,-0.22830489485304792,-0.15753518254171983,0.21316949217247083,-0.011223006627619136,0.022571831811506064,0.03704490110541193,0.20935362054597345,0.01997893056420312,-0.04456216029496094,0.0067138419578547884,-0.5808384764078902,-0.6275669977842188,-0.4048546004272735,-0.775570850056374,-0.22014154887157325,0.23280883844914407,0.2187285391524329,0.32996987064670796,-0.005192693542088019,0.0034426747971932677,-0.0450790267605904,0.04832624680628321,-0.2310002596440506,-0.25480962305568333,-0.38528611906127525,-0.39740234449565526,-0.385748031318971,-0.39777019233361405,-0.32309376406748475,-0.33605535850376145,0.6121391302503021,0.6223702238883119,0.09287063679135438,0.02084497732224736,-0.28069120715735607,-0.4204095757071527,-0.25647883610450817,-0.1295454735747402
solar_elevation,-0.003672423418736578,0.017618862204142674,0.018751103733470758,0.0001644760668796855,-0.00592585421680843,-0.005625295428765943,-0.013222846771903995,-0.013554690396850453,0.3960156590267546,-0.4838189463233417,-0.5016212023044511,0.4389031554504335,0.17204598028840107,1.0,-0.30384341636829565,0.5401270144647741,0.1070982218028925,-0.040538861228235114,-0.12678654812791335,-0.0094871971432491,0.13313305340725812,-0.07321972526423176,-0.008992821242532366,-0.010554983918189667,-0.4046583141132903,-0.12885170914294838,-0.02370751831638313,-0.08264378006880445,-0.05563767319092,-0.017826351488900084,0.2002053544674462,0.20171042074412357,-0.006425533158566839,0.02708204627630379,-0.43285184861152465,-0.42306872394863987,-0.4242013330471291,-0.4564638653421867,-1.0,-0.4366681485170148,-0.4688532878684804,0.0004230340778625303,-0.035589924235039816,0.005237580036801046,0.10764563586605412,0.00312575229421781,-0.03600708588433885,0.004767848574312777,1.8618326817303397e-16,-0.9613210317609029,-0.0243697403173105,-0.2546077703920903,0.04426493195162781,-0.25494104309398363,0.49930258573245423,-0.502222830480359,-0.08159828755333953,-0.09267761947034957,-0.10885231409302008,0.35002063915810444,-0.05206414051709071,0.8594184104039658,-0.5990306275028395,-0.7518334160534451,-0.5024542665788597,-0.582817376211871,-0.4990874255397737,-0.5757731722362642,-0.5805853343757638,-0.7274636873082495,0.5793714739297975,0.5815134653386799,0.16807653855505106,0.20866493717074278,-0.7496296923558944,-0.566265309200473,-0.20691432640342725,0.6169007157260478
sp,0.018281857539218557,-0.07726845050485827,-0.0902440223437887,0.018737260213900493,-0.029322580234009882,0.026906409811808175,0.03836244522228845,0.25902211668399105,-0.04868026413675619,0.49355965240900485,0.313698061407613,-0.22482702077191927,-0.761508899390175,-0.30384341636829565,1.0,-0.7798195860972899,-0.3098537662835191,0.10783398528379858,-0.22882720334404233,-0.017938354952020626,-0.20919417934683376,0.052680490589365185,0.05138051644895231,0.08859548833861794,0.4424786642333927,0.4514491895380188,0.17137002790301864,0.14485007289817226,0.22127520923701494,0.1436655035905846,-0.6443299795719878,-0.6441732806568815,-0.09452760674743217,0.31030014236048703,0.5332757486503428,0.4931846946602636,0.4953512808169091,0.41724157956506164,0.30384341636829615,0.2513870860865221,0.3580699700674216,0.10426751178618895,-0.052874622698866974,-0.00022527513746432143,-0.05461296577196717,-0.0032038709933341083,-0.04989717544581692,-0.010387807734854855,0.051715564002086864,0.0783545831723868,0.34397642656109445,0.8376161722766096,0.10673608029765318,0.9155265497128008,-0.21788976406380797,0.1981624492530435,-0.1547350387235786,-0.29405348055221886,0.1130386632434793,-0.244277471276467,-0.07185079052079522,-0.13788005649837537,0.3816201212816759,0.4115635843074332,0.5104885752771222,0.530121766121018,0.5080105235019923,0.5271366172032586,0.4321722226041008,0.45856545908117924,-0.7927784121225557,-0.8082703873770317,-0.2145674980794552,-0.22418432033219646,0.4443851792063952,0.552922278606416,0.2998391475468076,-0.09895458835982457
t2m_era5,-0.008651391428450426,0.05134907413043115,0.09854185947897756,0.010824251319527493,0.007435114659768482,-0.02630366311059559,-0.05142402528749664,-0.3228002584513612,0.39536514427442365,-0.6178889546227334,-0.3846997968644389,0.5587085162966073,0.6146599608703633,0.5401270144647741,-0.7798195860972899,1.0,0.16167759815763547,-0.004755818709129582,0.05195619971440286,0.004781844376006343,0.23736544648895236,0.0028521659275018195,0.028939105944384765,0.03412344668835063,-0.4812637974116027,-0.4187330622200901,-0.03479229897038952,-0.3816174384858817,-0.23500058514584204,-0.0020940531570801846,0.669992191310194,0.6572576383691773,0.009523460671710072,-0.22259071477500814,-0.6636130208134549,-0.6335286258676363,-0.6362707866204415,-0.5886179772834927,-0.5401270144647732,-0.3872834756874137,-0.5838877463924779,-0.023302393988547093,0.06451614896023893,0.007429817081226734,-0.08715847711666032,0.00809781752666033,0.062070662942887045,0.0006238134686815189,0.2048846312992976,-0.3517108192064484,-0.24906505402214135,-0.7430943399905534,-0.0468439303214283,-0.7986779494874315,0.6341293037800685,-0.622082624892137,0.0729294938911969,0.08865975158913832,-0.1857754901909697,0.487425304183827,-0.06873453169676308,0.37551246167535696,-0.5984434525962729,-0.5606408084592923,-0.6414069698606482,-0.5990937707593892,-0.638072876332601,-0.5950108034525886,-0.609053654675414,-0.5885197371059945,0.9824434796057848,0.9192878147562602,0.2542512329832412,0.22596823493159676,-0.6188654613669836,-0.6325827607101986,-0.38294853224116115,0.40160964206073113
tcc_era5,0.05309669556420698,-0.06477370687499487,0.018130482082533966,0.029881715215018433,0.0422370353174155,-0.05776277275772141,0.09911135953691717,-0.11448307247679258,-0.11682081560132472,-0.18877362181316634,-0.1512362748727268,0.006831099117125126,0.41679187114789457,0.1070982218028925,-0.3098537662835191,0.16167759815763547,1.0,-0.25671823027786833,0.2348652224604674,0.03554420443300995,-0.023888573127355834,-0.10478497250900001,-0.12499965059460158,-0.30295826940566956,-0.08826295719144465,-0.09574143282280956,-0.37446430089637245,0.03475727123084238,-0.0048122235836450065,-0.34252856462296466,0.0962346214767717,0.08528071750169966,0.2878078757625779,0.032502698009710125,-0.19698113796984304,-0.18961583850962646,-0.19006145395872975,-0.19824866618721954,-0.10709822180289227,-0.1361782348041164,-0.13025299090245185,-0.07240907031188852,0.008294442030367654,0.03146276486926152,0.001098965041358987,0.0237490201376947,0.009960267596789196,0.02193042806503131,0.0011165134804987055,-0.03505638127650151,-0.2104354181362419,-0.2541260574814402,-0.13796350653123945,-0.30599846940907494,-0.20862709329527104,0.22356858843663951,0.13841430512068856,0.19872160614438888,-0.005394899669711236,-0.004191140925232941,0.05757365542916478,0.060391544611547936,-0.13494668680258612,-0.1365552996353472,-0.19523906382373982,-0.19516195735825403,-0.1945304730698736,-0.19408318302145905,-0.20137867694079808,-0.2002831628341575,0.16001264694176845,0.19995587409988697,0.04598798333589127,0.0030136533174375288,-0.15147688234109136,-0.2043636888447967,-0.12640347532841215,-0.12246911923694534
u10_era5,0.06088982667386205,-0.05694363744302622,-0.0018834088483965766,-0.01094421581353227,-0.041871591984731706,0.02109550824250843,-0.03270250209034488,-0.11750066029318572,0.16328995898370113,-0.06919923844873423,-0.15100873418097963,0.19054495367705718,-0.3278220062106669,-0.040538861228235114,0.10783398528379858,-0.004755818709129582,-0.25671823027786833,1.0,-0.4509604793745174,-0.04252724524026213,0.1708374327793874,-0.016806878512675608,-0.010040704868396798,0.1953873509562707,-0.06968631714034094,-0.024266070562421235,0.23784510787107813,0.0033893812266808736,-0.014720768618401386,0.2207367046787321,-0.008329265024477893,-0.0019890339423689245,-0.23113188664645623,-0.28625320825792094,-0.07114023614266464,-0.03741049737087855,-0.044430118057536994,-0.062314997518990466,0.040538861228234864,-0.05381570285479247,-0.09020398636391722,0.13764688607133976,-0.021025406646599146,-0.06625344345587895,-0.08955949682603746,-0.004147149395844144,-0.02637894677141443,0.02781693120778234,0.12340647986729225,0.018996310701676702,0.1200392762047327,0.08450768835644942,0.09895917612418914,0.11197882773274802,0.3154717872247717,-0.3160484744377303,-0.2831824941536295,-0.21608381945392244,-0.25782011593991705,0.2619442314228112,0.057658345102998824,-0.026732438081512495,-0.07741973568335508,-0.02063484103291711,-0.030245258074367082,0.003335901070838322,-0.023626420143136893,0.008345222759492945,-0.04108062569984196,0.005760703728440315,-0.021275793761803195,-0.06215970770180417,0.15542826853898833,0.12888627486544244,-0.03488988314377399,-0.0048988171675207635,-0.08419682941917755,0.11241419633652626
v10_era5,-0.006259561951360149,0.030065876885838793,-0.004724384514553069,-0.010649282402571257,0.012702271225194302,-0.006168119439366493,0.02721476680357404,0.061048231275685816,-0.21701093558387963,0.09757116040297138,0.19766821710073307,-0.15339971852327258,0.3402111693423433,-0.12678654812791335,-0.22882720334404233,0.05195619971440286,0.2348652224604674,-0.4509604793745174,1.0,0.02628137984445482,-0.1326034778287506,-0.015211343916583952,-0.04300204987536667,-0.15019334106749704,0.019612320468484858,-0.015377673831921715,-0.21064396180916642,-0.0625063766961463,-0.038908360801292015,-0.19190037701766535,0.08460279209246035,0.09108453627739402,0.2776731781235602,0.12371027356653284,0.07093030846016983,0.07627426340681981,0.07822478920813616,0.05506829982679456,0.1267865481279138,0.14455284882556171,0.06933961980184888,-0.08641539940091615,0.03474264218547699,0.030992484528477828,0.013056825384792945,0.0340535647819638,0.03684327018106863,0.02417543182123663,-0.05821286886003434,0.18110981899701933,-0.16116254148406406,-0.16898504279332308,-0.11741244953101768,-0.21333800798372393,-0.26924564210484453,0.2741873278402157,0.695881704333628,0.10039351070422466,0.08541496688092948,-0.20047470098154702,-0.044429281006133935,-0.14616816462270404,0.09696006720435704,0.11423362248321395,0.0986731926041429,0.11212557574632331,0.09674000649735838,0.11111862033343611,0.07732753694077449,0.09559998350458637,0.028017115080472544,0.06485117523984807,-0.09065413334362003,-0.10028885721357993,0.10539703366680345,0.10385213835940137,0.08192747338337387,-0.2534337148322462
wind_dir_deg,0.023514210078163355,0.027462439881139243,0.07356078427182947,-0.14023338651461684,0.7342220542171085,-0.43374503862620123,0.018864302424842862,0.050379605606075364,0.012003404797695664,0.00470489857712571,0.018150448733739808,-0.024005801244199893,0.036010985407555124,-0.0094871971432491,-0.017938354952020626,0.004781844376006343,0.03554420443300995,-0.04252724524026213,0.02628137984445482,1.0,-0.038532030355905564,-0.02533443047466908,-0.005732130500572187,-0.009673702569255286,-0.0007360175712991456,0.005579578804916392,-0.040166489795505446,-0.024802333236951545,-0.010710521518559467,-0.0362326849156138,0.002274076520517857,0.0020085689512667343,0.039428456218875675,0.02818324264376137,0.007704838347102815,0.009594302745964067,0.00898110621455568,0.0023205712349542353,0.00948719714324952,0.004558716108658117,0.01292579663907653,-0.022769060863370792,-0.002908733289929662,-0.0033466546281649416,-0.001368740882606529,-0.012373865595336231,-0.0032968058938483225,-0.00931604233034658,0.002767575055165136,0.015112831521019164,0.00031695954535057103,-0.015642453210094807,0.0020475650586815226,-0.016434026615575418,-0.02938686657912622,0.02873224106923269,-0.0072015444910085375,-0.00940579874857282,-0.016232635085075876,-0.03710941216132933,-0.0029599512498373133,-0.011727357330686854,0.016106555922211382,0.018676922243133234,0.011660039842702533,0.01607873012782071,0.012153414822558087,0.016281458397808136,0.005235814016765674,0.010950617733995267,-0.007518266003431216,0.002404330398009298,-0.039043450231769805,-0.02594578654233117,0.018731961395008847,0.01529999392676382,0.05669138346967114,0.004067936254507889
wind_speed,0.02293658463933458,-0.00960195282455381,0.0012647299127287043,0.0029038897806485295,-0.04140506689875587,0.009186088914604727,-0.03544386708088222,-0.24996799867730865,0.15930644200610566,-0.3649325787498078,-0.327547536890014,0.33915031242319754,0.013438421807451084,0.13313305340725812,-0.20919417934683376,0.23736544648895236,-0.023888573127355834,0.1708374327793874,-0.1326034778287506,-0.038532030355905564,1.0,-0.23589494786311413,-0.1176349550279187,0.02100140521874658,-0.32754874543489637,-0.21244764499819235,0.07478932718633981,-0.06781122338102351,-0.043544160585636905,0.07028221901542567,0.1405145126711062,0.15192610036938306,-0.12116444344336295,-0.2517258508375223,-0.3857076362954939,-0.3643835783324469,-0.37090877319415655,-0.3535928016391999,-0.13313305340725784,-0.32422261809067443,-0.37359328731562647,0.06648196184517557,-0.12448102502608151,0.015846862446355494,-0.09962968870308175,0.014179404847095256,-0.12336244085553626,0.0030702864394203263,0.1414777687124834,-0.08169454923665541,0.08531137513679733,-0.21833232865326618,0.14046859745748483,-0.187875742670322,0.2803671641656993,-0.27616355545753235,0.040480592861775584,0.012825285069499372,-0.2586477431236276,0.6126794649508233,-0.05347485323262267,0.09717797583251338,-0.3582795804160748,-0.2922270999557686,-0.366060170773575,-0.33030209206187583,-0.36030213247534176,-0.3263777242223151,-0.35039302123297267,-0.31557672260334874,0.26888764644667423,0.2104275390677772,0.9118983193094488,0.6932751895175546,-0.3435541276570552,-0.35599548403761927,-0.22847309591903184,0.14873492085170886
HCHO_satellite,-4.6162201025078795e-05,-0.03621859465550548,-0.014228038071141471,0.03288648031801554,-0.0439430663902907,-0.01346667762096054,-0.006369579690776869,-0.0196174185267372,0.18457826692424797,0.049533504672463397,0.07362536118172995,-0.014532475676107628,-0.10230646329448752,-0.07321972526423176,0.052680490589365185,0.0028521659275018195,-0.10478497250900001,-0.016806878512675608,-0.015211343916583952,-0.02533443047466908,-0.23589494786311413,1.0,0.9550012363197045,,0.21900797980121695,0.19390601023162107,0.04502270185661618,-0.3380984875226133,-0.33971985749089006,0.04502270185661618,0.05667068540776889,0.051452623446207255,0.015226454444597628,0.11274504789834085,0.052482658277886125,0.02911584372942254,0.03927210128275196,0.05632919628276825,0.07321972526423194,-0.020957465534986917,0.008598577193179021,0.04840789070172857,0.09530170980723152,0.050489471533807485,-0.08251721517515295,-0.011856149311933087,0.09944768100167227,-0.04180993149909867,0.08900410647228878,0.07980176371582579,-0.058838786311936175,0.036100393408255084,-0.05847756356643628,0.014083438830777393,0.09672998945226774,-0.10674553091732145,-0.0995451032813537,-0.04663831358349078,0.06238952930909276,-0.14776057929159508,-0.0772213370410203,,0.015346229076681029,0.08212475139934831,0.04292316972132586,0.10002785808649513,0.03401103922012768,0.0960572246623501,0.059892292033921914,0.132418931292308,0.10461158503296926,0.08477340134053689,-0.157104593668469,-0.1538119936012316,0.08552037665353254,0.09967888003700434,0.07626471565678124,0.12218444518178694
HCHO_satellite_daily,-0.012235608796989195,-0.01908093852558406,-0.006997766013524377,0.04082201788148243,-0.018441960273643657,0.006450477668158091,-0.008742525501486,0.09175661600368311,0.057450686528510396,0.10357869146536647,0.11114172942630753,0.004355963932556157,-0.057306346662888655,-0.008992821242532366,0.05138051644895231,0.028939105944384765,-0.12499965059460158,-0.010040704868396798,-0.04300204987536667,-0.005732130500572187,-0.1176349550279187,0.9550012363197045,1.0,,0.20328255975561094,0.22439272826935938,0.04496531794344031,-0.2940147084532883,-0.36861034201087867,0.04496531794344031,0.05953250690526442,0.05380689732569413,0.02758653609686932,0.1299961145146491,0.10917281373336814,0.10836966920419572,0.10924396174052395,0.11379776227535308,0.008992821242532423,0.10360892504856258,0.06432461901917046,0.0421418431454993,0.10592817850180007,0.042289341455833934,-7.587411360947782e-17,-0.01949008167796375,0.10944644543083802,-0.05014037596207105,-1.0570436403609489e-18,-1.4290346078747316e-18,-0.060433765236535326,0.04685915387945105,-0.06136990964161668,0.02320466905206197,0.08650808336259394,-0.0913983430846431,-0.054894907592655355,-0.09362932248427626,0.031361201713602016,-0.03264248921134469,-0.00022121211228725895,-0.006910992673508979,0.06417895127943943,0.0634119709771743,0.1059057098400781,0.09947074349657437,0.10501590399037398,0.098570964226594,0.11175307042357706,0.10618109496617344,0.034737180377369774,0.03445335739618598,-0.11309852780467967,-0.11196444450025111,0.07179526459699667,0.10792776535264964,0.1008734459470948,0.06866321324869189
HCHO_satellite_flag,-0.004572601457268293,0.020886530457217712,-0.014235508563594774,0.02232656361634501,-0.004704189133877704,0.013489123400539708,-0.030264113094523568,0.020419819192021085,0.0957903734067785,0.05585465317501604,0.044232415401422066,0.05422489180333068,-0.16654807698003773,-0.010554983918189667,0.08859548833861794,0.03412344668835063,-0.30295826940566956,0.1953873509562707,-0.15019334106749704,-0.009673702569255286,0.02100140521874658,,,1.0,0.06409421491429812,0.06612008886530822,0.699407207398325,,,0.7857007911958844,0.08217680320049578,0.08261912649839687,-0.2185577636147963,-0.1147405626613737,0.04599100008668424,0.04897294499605427,0.04824443400555912,0.0726395029305837,0.010554983918189785,0.057667739865918055,0.03565000980344802,0.014055782875023489,0.06646475597868501,-0.02250345629480916,0.0001435860900762872,-0.034284335577663326,0.06442931361278535,0.008102440516863367,-1.0884826744990325e-18,-0.0001222307162950701,0.0727250592142574,0.03242495408024995,0.06819270899750027,0.052502497540937415,0.20546070550342158,-0.2112441183800397,-0.08961045176117477,-0.08461937970005998,-0.04106424989179576,0.06184358820065893,-0.001511770306426299,-0.005494323280684067,0.03454261840169262,0.03197750780202848,0.0480540856579685,0.04820061016283847,0.048786619088286125,0.04894260575485818,0.07244062163699379,0.07217635276175269,0.03297677969698793,0.023583067850372563,0.019457341764177592,0.009314820975094142,0.03646489984303694,0.05121579829906223,0.0225612628415001,0.11410979523644937
