,NO2_forecast,O3_forecast,T_forecast,q_forecast,u_forecast,v_forecast,w_forecast,NO2_target,O3_target,co,hcho,blh_era5,d2m_era5,solar_elevation,sp,t2m_era5,tcc_era5,u10_era5,v10_era5,wind_dir_deg,wind_speed,HCHO_satellite,HCHO_satellite_daily,HCHO_satellite_flag,NO2_satellite,NO2_satellite_daily,NO2_satellite_flag,ratio_satellite,ratio_satellite_daily,ratio_satellite_flag,aluvd,aluvp,aod550,bcaod550,pm1,pm10,pm2p5,so2,SZA_deg,no,no2,year,month,day,hour,day_of_week,day_of_year,is_weekend,hour_sin,hour_cos,month_sin,month_cos,day_of_year_sin,day_of_year_cos,dewpoint_depression,relative_humidity_approx,wind_direction_rad,no2_pm25_ratio,pm25_pm10_ratio,blh_wind_interaction,solar_elevation_squared,is_daytime,no2_lag_1h,no2_lag_3h,pm2p5_lag_1h,pm2p5_lag_3h,pm10_lag_1h,pm10_lag_3h,so2_lag_1h,so2_lag_3h,t2m_era5_lag_1h,t2m_era5_lag_3h,wind_speed_lag_1h,wind_speed_lag_3h,no2_rolling_mean_6h,pm2p5_rolling_mean_6h,NO2_target_rolling_mean_6h,O3_target_rolling_mean_6h
NO2_forecast,1.0,-0.6838645497984143,-0.2122672882399024,-0.22361355688118287,-0.004334531293596026,-0.09404622350211955,0.5037345821073875,0.0004976258639724505,-0.05164479247835046,-0.012282564478635028,-0.02742943088020872,-0.008003412419929476,0.015763814140276642,-0.003645047244662098,0.024416325541462884,-0.015863437821962194,0.037493705784586176,0.08233519807030182,-0.027657569526725212,0.026790237830452406,-0.017473801413066974,0.06865980865000353,0.011956233618133295,-0.0016786398633942736,0.03620459378062135,0.025934402434586747,-0.013146523535458157,-0.02126039391021336,-0.010393146689719827,-0.0044509566736958715,-0.02353743934806177,-0.027879092463225612,0.011592860788108271,-0.03158196091532987,-0.009592515179770842,-0.0069468459854855075,-0.007419295338786353,-0.00594134977636935,0.003645047244662677,-0.01685656524247414,0.015288779912617054,0.17817564384591736,-0.007043713923724464,0.036436432042273405,0.002809741350705347,-0.0221284764312491,-0.004482153144507165,0.004777938604638087,-0.004450005410464856,0.002843974753445052,0.012537146770987714,0.0005122086176244382,0.013484897108040544,0.006114421040369384,-0.03508834053980772,0.03613720218882929,-0.02513659533943701,0.0010086368157073628,-0.025515299018491963,-0.00809584276909168,0.0075280810137880105,-0.0033113814330011358,0.013392790506178899,0.010409753609794377,-0.008171352355788782,-0.009743308676141394,-0.007691291352981431,-0.009267319833499616,-0.006474221182354303,-0.007727932146488569,-0.01571214501020836,-0.015296809137765668,-0.014788221934572111,-0.010980686426768608,0.01352684986736335,-0.010200915629766629,-0.002010581276996896,-0.058820491610645065
O3_forecast,-0.6838645497984143,1.0,0.38261628239431067,0.04740409393033557,0.07730853853180997,-0.012485505670205161,-0.7194595240445387,0.04588910382737529,0.04131926488729803,0.028091582369404698,0.050447162573464155,0.013794537960405381,-0.008210797863238981,0.010234984463134969,-0.05468371849519397,0.031382889551929805,-0.06543573652065164,-0.06879977977567489,0.036577291019945106,0.03580776243001884,-0.0010709390995080814,-0.0640365546415648,-0.04325532017024507,0.009107052113726345,-0.021847132537171094,-0.005242940216898761,0.054530876466746064,0.039700705290808276,0.026440373369716896,0.04154173916775146,0.07819945364341012,0.07740396216816675,-0.02707143451631463,0.01338320272206109,0.020701225825232112,0.018628004826124714,0.018907454649482496,0.015801449508083914,-0.01023498446313591,0.03799634157126358,-0.020603378173489263,-0.1924795702585206,0.05282611130393023,-0.016887392243515986,-0.0026496678914161987,-0.004247132597756025,0.05081780439056153,-0.03293248271056626,0.005509239332231061,-0.00401450875850947,-0.009721857229050706,-0.021369491794919482,-0.0028076909225987004,-0.025417610272554444,0.04648262990445094,-0.046960664508377485,0.027997429357003254,-0.013813631379524162,0.015034560185378743,0.0025973080436451483,-0.00550213067069723,0.005523838810442491,-0.020006904199106685,-0.01793109258597729,0.018164729559311497,0.01763253290685094,0.0178543351832665,0.017275636536976603,0.015139949362047387,0.014827465582998184,0.031000464828488023,0.029676011984711686,-0.0031501010679508084,-0.0068678121294303346,-0.02080989329762169,0.019495826810593926,0.050714290097367616,0.050484122282572264
T_forecast,-0.2122672882399024,0.38261628239431067,1.0,-0.0266207383563658,0.08513376006846232,-0.05261964939685306,-0.31816744889797866,0.008095264280114473,0.02014482180336941,0.007723584833444381,0.018394405574914893,0.015556940082078412,0.028593231477564724,0.010623009455466249,-0.07262524599672603,0.052316597467759615,-0.023261599896377414,0.027840960582800056,0.007379729323581791,0.07431539982839488,-0.03710459813643679,0.03455569881968713,0.037589132531036136,-0.028880935196168717,0.006519251407840832,0.0023458867212391276,0.011103758788842058,-0.007942836317528944,-0.003256700911135842,0.011403194078306846,0.04140970995895193,0.039811079772171055,0.005961354000806189,-0.022040640958470362,0.004032046925727426,0.009930075725032227,0.009915745661685283,0.006190500716064517,-0.010623009455466648,0.029294348377611343,-0.016595503892799908,-0.13590279628847687,0.0066090281668504955,0.04911120442803811,-0.00012994176218663746,0.009403306224768156,0.010444064230544682,-0.028714353304722322,0.0002948750828738483,0.0014713352067595661,-0.014620816251570096,-0.047583129864674854,0.007512576682575965,-0.046220680055529276,0.035284477680775764,-0.0337561121285168,-0.005965724218085376,-0.028764448334749233,-0.025379616575154043,-0.0014385852693389667,-0.001561849105855906,0.0020139791059541994,-0.016564627715227147,-0.017181747795000334,0.009320256301692207,0.007251898598326757,0.009364125245575417,0.007351020534820368,0.005359424290109372,0.002873898305404227,0.05251034423997581,0.05296136311776612,-0.037342196900667333,-0.035544019607491276,-0.01911822520003502,0.008095370000214699,0.008324706099849428,0.023263543962920217
q_forecast,-0.22361355688118287,0.04740409393033557,-0.0266207383563658,1.0,-0.17813779530012114,0.2634589221328301,-0.30332868670589164,-0.017004189547303677,0.017383113340208818,-0.03474815665401525,-0.0403480603997136,0.006556400631194197,-0.012925738579518892,0.007503292897050361,0.00012039873018661467,0.024659954262258484,0.03822940367894481,-0.025929223724770776,-0.009008479521083013,-0.15704392799460956,0.02634425401556351,0.01461683542239622,0.016320303050272923,0.032390184662986786,-0.034945833539029886,-0.01706185921413883,0.03876762830366441,0.002188298832465032,-0.015047823661362567,0.04353722256859372,0.03597348688683204,0.03178170819904286,-0.0071476790460911176,-0.03585139258886667,-0.036866682912418576,-0.03528014867080812,-0.03517366499467865,-0.022231551804223367,-0.007503292897050403,-0.033232140236064155,-0.011061291554647447,-0.03747255218934141,-0.06724824676100798,-0.009834350493596204,0.0004928092920920553,0.012171754237346902,-0.06772868807019491,0.013932822477859484,-0.0007068143129204149,-0.002438674676575939,0.005618194218345963,-0.026255588877218884,0.01562747228859179,-0.01730006348186261,0.04298708275409237,-0.04318747132244392,-0.0010019573077063332,0.022920452474229247,0.01876123490546811,0.012513199552308438,0.0017872607086409505,0.00413800330329454,-0.011843220173873998,-0.013761463139653016,-0.0353846821291288,-0.0354821649588281,-0.03546628531603421,-0.035547665696450646,-0.02240016637323276,-0.0225347410568096,0.02451456285011039,0.024160990867596627,0.027851315834619035,0.030590687224422573,-0.01473776389909882,-0.03759841535587014,-0.018530108054322588,0.02127354512454245
u_forecast,-0.004334531293596026,0.07730853853180997,0.08513376006846232,-0.17813779530012114,1.0,-0.4823702223075284,-0.008505136841037986,-0.0004387095012965146,0.008970456744640823,0.006101554614149476,0.018319404630758478,-0.01673160914796466,0.04118825158179347,0.0026762161976738225,-0.030862688236910983,0.016115964438784804,0.014895972818934818,-0.04351597110217233,0.03542101312037908,0.7352051208790942,-0.04998802188926175,-0.008083021176440459,0.005393546579296486,-0.027349310145831585,0.039090025523391206,0.026715887857202834,-0.0506841190634232,0.036079397662661716,0.022910317587143327,-0.048708555731075874,0.02121786389122128,0.02159810836840579,0.038878241881734076,0.04061359496535552,0.006991202456384662,0.006220144511064068,0.00574452994713352,0.0005484468941337925,-0.002676216197674017,0.015402332513143992,0.010561232711516618,-0.039881513729135745,0.0190517287086819,-0.0025481458253342965,0.0024463670112014704,-0.023126201902624453,0.018612946851785907,-0.023461523664343516,-0.0034447654311465367,0.004049677816829833,-0.013137977000631986,-0.030441980709730712,-0.006713794498260353,-0.02981233033388903,-0.021451988315855576,0.020731656346387236,0.0041813050588406855,0.005598192996189549,-0.019793443121512527,-0.03182128894571554,-0.010054367577701636,0.00020766810218136208,0.011385619327710983,0.01109090980217711,0.0060884824682120985,0.008166407363889072,0.006343965993348743,0.008027372360095805,0.0018485731188932282,0.0048122984918598285,0.01622353307422391,0.015921934917810958,-0.045861582372475986,-0.03472243181072248,0.01212688038580691,0.008133241197900135,-0.0012168117438598677,0.009189399250893196
v_forecast,-0.09404622350211955,-0.012485505670205161,-0.05261964939685306,0.2634589221328301,-0.4823702223075284,1.0,-0.047963339495797064,-0.017172394243059035,0.020353307441412272,-0.013034527850849421,-0.018435435888464174,0.024483415905507486,-0.03132812983185808,0.008026442548164354,0.016677894625106608,0.002673495246747887,-0.010453072265153369,0.024815341085799882,-0.031760819293564536,-0.42732591858031194,0.029358129236333283,0.01624777321066276,0.013329931758889699,0.02028665511652121,-0.08957255286231641,-0.03433473419779669,0.03166279276712764,-0.05279011904481844,-0.03566493110916088,0.03033664136631752,0.014840510215164282,0.01038326200977835,-0.05510179431815381,-0.043672839680206285,-0.019342729472168092,-0.020280949150626018,-0.020271704483664183,-0.012566799242078758,-0.008026442548164212,-0.017966163301129958,-0.007282204103244543,-0.011798792646818027,-0.01834968852306204,0.004964646245746124,-0.011937996249359031,0.01437918952327778,-0.01761319090086825,0.0185472149325061,0.008009100840912067,-0.007552808063552575,0.025373099671596816,0.0010398277526370522,0.023638619329648496,0.003258169169848931,0.034532744668885534,-0.03367904740106211,-0.0006943973991453845,0.02117895948013376,0.009736631203899714,0.03552963216419555,0.012699472738570397,0.007385706239985402,-0.008774436688339021,-0.010948742085163407,-0.018060210379711488,-0.014708830024821672,-0.017899570592648493,-0.014340989870734424,-0.011584912911257409,-0.009405267662248116,0.00286237765899892,0.0023021460831214482,0.02828296659532877,0.029419389997863175,-0.012130775424266422,-0.017277418968921755,-0.015448413818548135,0.021270544810454838
w_forecast,0.5037345821073875,-0.7194595240445387,-0.31816744889797866,-0.30332868670589164,-0.008505136841037986,-0.047963339495797064,1.0,-0.11531481370713594,-0.07002509992539525,-0.01718161515180375,-0.04771653712836885,-0.04375941296222596,0.09159976920396143,-0.015089019320542487,0.030281909894637315,-0.044470077923445636,0.08479257862596891,0.0018143389328377172,0.02570127931379389,0.013608569551886067,-0.03022969102294823,0.021632298263379507,0.013061443840157477,-0.06091955268877851,0.022787303194247887,0.021285414851169963,-0.12021919102501945,-0.05734830419538348,-0.045286953051429164,-0.11067505080461203,-0.14481818603030783,-0.14843277591055307,0.022255837212540364,-0.005259127959326532,-0.009942330960178956,-0.01275404273881199,-0.012987769597541408,-0.007723665202961218,0.015089019320542282,-0.01576939575074794,0.004237677988163922,-0.04885923960936629,0.04217928039671326,0.011416572473643102,-0.0008487845970238545,-0.0033804944549970565,0.04376649234779778,0.017867940429802182,-0.002040411847726829,0.00028796327310026974,-0.11102784343921134,0.07177940876889252,-0.12866085090405943,0.03260926432320395,-0.1456860511214229,0.14705070623585334,0.005711901863553024,0.02118962443708461,-0.005294839091788984,-0.0362385323942237,0.0019614844311282064,-0.004602829915789293,0.004729604039077655,0.004346751350407604,-0.013701173451843967,-0.016928610843047646,-0.013447073615108695,-0.016648396627464597,-0.008280544620158327,-0.011086023154798438,-0.044357186579007814,-0.04356815451461022,-0.029782247915858744,-0.028253043843964477,0.0049089595266399106,-0.017576349278736764,-0.12935436074584564,-0.08299813493803306
NO2_target,0.0004976258639724505,0.04588910382737529,0.008095264280114473,-0.017004189547303677,-0.0004387095012965146,-0.017172394243059035,-0.11531481370713594,1.0,-0.32082019576940735,0.4662031596173855,0.3139943901333753,-0.35375788585116674,-0.44786874824640016,-0.05674795639044917,0.41839145655271975,-0.36622894968818825,-0.3268731498401,0.18696978062326775,-0.1965928590406162,-0.00629430245829884,-0.22075739843476982,0.0847073971213493,0.1662542413974563,0.1667169018090996,0.4764008079051024,0.2944990135296086,0.22395531650909004,0.13668253789147597,0.09502670076450737,0.21868141253339443,-0.16082767899014822,-0.1611093839133429,-0.12411264766045907,0.2255562262111729,0.5441951731261386,0.5326947839514792,0.5364152138340528,0.505392806606024,0.05674795639044988,0.3395113722352479,0.4953302222559766,0.2493227868483308,0.06204207622459247,-0.02537111466218726,0.1664763085577988,-0.04531246070820897,0.06073542635402889,-0.04256295135855613,-0.2838919424565481,-0.05489734640021794,0.20311141638949542,0.4031367247037909,0.0956081592550789,0.4479102674683314,0.00025834536197430545,-0.017807559265636763,-0.1864154039948684,-0.1287933821499614,0.14266170013545126,-0.3064361417494975,-0.10569336504034207,0.005906302985946146,0.45891967058459165,0.29272122849505455,0.5013957017318424,0.38822122518338087,0.49784736914902616,0.3859692925711408,0.45852137740382093,0.3402664126990418,-0.33912302558982804,-0.26026330157543653,-0.22499764301701033,-0.17573771769189894,0.3645558429620971,0.4358189664785256,0.8573956071791401,-0.09537879119844882
O3_target,-0.05164479247835046,0.04131926488729803,0.02014482180336941,0.017383113340208818,0.008970456744640823,0.020353307441412272,-0.07002509992539525,-0.32082019576940735,1.0,-0.39499772939950567,-0.26055224523784215,0.73010098454449,-0.04556654132016814,0.4460350592647424,-0.13388821090264577,0.4975663296980926,-0.09310596224127625,0.08510452839026332,-0.1607509681262879,0.01329408722096572,0.14553033646925087,0.22666229420156542,0.07550730204941726,0.08526574054820142,-0.04134624703743319,-0.10305684418400209,0.10920577931299877,-0.035255280710995096,-0.050390258062032615,0.10615324241989832,0.22280357238057913,0.2288209605920197,-0.03771887120405208,0.016883113624317145,-0.44466963245585633,-0.4381767940571928,-0.44285588074651433,-0.48868433043212645,-0.4460350592647414,-0.3401747008724912,-0.6032641662086986,0.0791535911008025,-0.11298258615140154,-8.144695173066218e-05,-0.21773268951803304,0.004769392509573934,-0.1134193754670503,0.0023418658554385467,0.47786885694443226,-0.4158745585189844,0.14357132191782823,-0.19027192366392384,0.1907146331515895,-0.14875225050692245,0.6525089968761333,-0.6500306303924901,-0.05998655789294352,-0.29351423435642116,-0.21922196149362055,0.5532522885258558,0.004800512652462607,0.39888736459837454,-0.5954520685688478,-0.4199936062770445,-0.4281812354130429,-0.30167478886867555,-0.4228193734186579,-0.2965082136720991,-0.4871839831779752,-0.39000323333397646,0.4647974290838543,0.3266258256000632,0.14119159859114824,0.0812199613872042,-0.4882875388134307,-0.33046360837143585,-0.2214891446571944,0.7375867256385662
co,-0.012282564478635028,0.028091582369404698,0.007723584833444381,-0.03474815665401525,0.006101554614149476,-0.013034527850849421,-0.01718161515180375,0.4662031596173855,-0.39499772939950567,1.0,0.7928852239643276,-0.42814252048632284,-0.38421271389024986,-0.47831645786833266,0.4934774485463745,-0.6263504535738853,-0.2001720595699983,-0.008396885816530517,0.033974295564248885,0.0004787775225947497,-0.33888732539292965,0.05669528025941225,0.09450055909611402,0.07829901593185445,0.5091371556435866,0.35564941401031697,0.09196344620365253,0.14138052454351993,0.11556540462103365,0.08657274004150069,-0.34257909527108865,-0.3361892287709375,0.07662042177171147,0.3275444588631205,0.9672333894614744,0.9598035609308163,0.9602696062634621,0.8902147815849355,0.47831645786833266,0.9198000546710733,0.6156687853721131,0.003748105907577845,0.07300392641486748,-0.0106321496377148,0.13662906153277618,-0.010511641435034306,0.07366284009676667,0.015261619693449715,-0.26936593978427437,0.3577935667684801,0.1250593581007311,0.5034783765766389,-0.004093109939486058,0.5234824615736496,-0.38062717271774543,0.3832504106726916,-0.05876903321768205,-0.313776241055814,0.09156071391728415,-0.36507106550954577,0.12165427770075493,-0.3524142852804369,0.6132507338416081,0.5428169238464641,0.9534323821108024,0.8454385029567285,0.9523961774066176,0.8434976401870812,0.9126368764653757,0.8517039274583029,-0.6151049676820237,-0.5468690218543906,-0.3302101178160009,-0.2997060123948938,0.6108021516292942,0.904372112038677,0.5416412663138291,-0.3659979621133371
hcho,-0.02742943088020872,0.050447162573464155,0.018394405574914893,-0.0403480603997136,0.018319404630758478,-0.018435435888464174,-0.04771653712836885,0.3139943901333753,-0.26055224523784215,0.7928852239643276,1.0,-0.32582406628909566,-0.1683611917240276,-0.4967253574975179,0.29774091825534504,-0.3737234815625778,-0.14679260318939402,-0.11559457129171162,0.15386040236139326,0.009239695639958613,-0.310601608708553,0.10711199865623594,0.11804401459162063,0.0679997918122725,0.27159044616420214,0.2138485050130451,0.06068735080426813,0.04528621143668649,0.04380579429939393,0.058531179400652916,-0.09343909538417343,-0.08231428224599563,0.165976091185458,0.31800611675706253,0.7153060621662992,0.7138609280732604,0.713903509194021,0.6055499586138393,0.4967253574975174,0.7109851410661361,0.4942317431533136,0.015629523268261898,0.1336613101994456,0.007597740191613975,-0.08355502231997516,-0.014557219324732903,0.13487643962643217,-0.0008050893743413282,0.012814042201571344,0.45003667890241966,0.03643697755850762,0.26634142288020424,-0.03076934903109098,0.26619586444966775,-0.2878837311690542,0.28717867941843317,0.0392028080659165,-0.19077586987535922,0.07167754569652701,-0.30998771555520416,-0.055473786988204106,-0.4411663868177529,0.5472929784445388,0.5641030308207031,0.7667359826280995,0.7767774055900964,0.7656917227472598,0.7740412256538485,0.678502790488315,0.7412098676900856,-0.40641368079021123,-0.41875651428754085,-0.3186803495883239,-0.3211593706887701,0.6046856931114563,0.7891284896537765,0.4036936357058356,-0.3837125465058869
blh_era5,-0.008003412419929476,0.013794537960405381,0.015556940082078412,0.006556400631194197,-0.01673160914796466,0.024483415905507486,-0.04375941296222596,-0.35375788585116674,0.73010098454449,-0.42814252048632284,-0.32582406628909566,1.0,-0.005465926589487549,0.4112837446021977,-0.20884988986218822,0.5431992108664645,-0.007429911430903413,0.16563136641899362,-0.15350278430230035,-0.009002186201313338,0.3299822522374894,0.10942936793304633,0.03041438239518881,0.03904361541249327,-0.2661977532610095,-0.1339757314713217,0.056704552476683705,-0.09930320906975557,-0.06596104689423238,0.05752962182927672,0.26456201998829204,0.2706350031479632,-0.04167054719987557,-0.08800097292784895,-0.48593842249535196,-0.4677161342843824,-0.4765781019531162,-0.5223661996954251,-0.41128374460219674,-0.3464019601894375,-0.6626227445245172,0.08021333255434122,-0.08422479040461521,0.003770552913784376,-0.2504986337361467,0.004259540587356553,-0.08461107518220215,-0.010044094802727133,0.5156965807161583,-0.36551288590723946,0.07622482821190235,-0.24853070673849453,0.13911261101715808,-0.2227470266074879,0.6681529760641022,-0.6479934888820259,-0.007162836915548124,-0.31657322922362857,-0.39750778836077993,0.8758211269363143,0.007473776385051909,0.3690298375850223,-0.6298770955261641,-0.4319859374914742,-0.4530546174796888,-0.3326376933608041,-0.44399898672302457,-0.32504922020950244,-0.5083685354250697,-0.4049203424461335,0.5057599589708139,0.36607613891970303,0.3147085990479586,0.2258165536253004,-0.515928915860755,-0.3669856558519164,-0.2686043513212226,0.5222750794408689
d2m_era5,0.015763814140276642,-0.008210797863238981,0.028593231477564724,-0.012925738579518892,0.04118825158179347,-0.03132812983185808,0.09159976920396143,-0.44786874824640016,-0.04556654132016814,-0.38421271389024986,-0.1683611917240276,-0.005465926589487549,1.0,0.17706309005479873,-0.7616300264367395,0.6096134618378932,0.42014886709341936,-0.4020958857636693,0.4026172381311695,0.029899264425700567,-0.04812998244119529,-0.027067748293551606,-0.009073211319693544,-0.18653721715790006,-0.4213020650094111,-0.43842603988964596,-0.3107013364479752,-0.1591488874472686,-0.23208114413664285,-0.291549366902552,0.3380140231184789,0.3138003795724438,0.23344077803724195,-0.11930113750290972,-0.4125130050386903,-0.3920145124952324,-0.3904685880911555,-0.3270154412224703,-0.17706309005479995,-0.18408950767663118,-0.24029732744939136,-0.12401760286613028,0.22802723511063547,0.016820043483421095,0.010944085455269531,0.011802810356075139,0.22683380449461185,-0.0029992274719432186,-0.032029863630959436,-0.004283907083734834,-0.6136841310904679,-0.6151729618638532,-0.4476043391915894,-0.7681771531776184,-0.254458276337174,0.2660236699727138,0.249910664642994,0.32504883556333575,0.03587050696549268,-0.03439034137545646,-0.040075754318639835,0.04721142971515326,-0.2439867940067752,-0.26316174061817643,-0.39548043388624105,-0.4108120163377336,-0.39705087570728465,-0.41228418011369794,-0.3342295088117854,-0.3501299711466912,0.6123187698978183,0.6231926174855734,-0.049682175044345224,-0.041906559150484045,-0.29221804496086934,-0.43368075435792375,-0.5095365414570591,-0.019513285134304663
solar_elevation,-0.003645047244662098,0.010234984463134969,0.010623009455466249,0.007503292897050361,0.0026762161976738225,0.008026442548164354,-0.015089019320542487,-0.05674795639044917,0.4460350592647424,-0.47831645786833266,-0.4967253574975179,0.4112837446021977,0.17706309005479873,1.0,-0.3011298847874226,0.5321164732935072,0.08808012910254377,-0.027066340831452467,-0.10341938895240183,0.0001293860063558506,0.09950908591632651,-0.030832940206380735,0.004072752497224945,-0.01610437898161206,-0.41865138511139655,-0.13169771008509906,-0.026434152305778294,-0.1246142701617755,-0.06903581598152574,-0.02261787566095041,0.19413160626376133,0.1947591383970651,0.003017034285739791,0.04575461482519755,-0.4243549996680799,-0.4146185034050009,-0.4154537965496066,-0.45331995009938925,-0.9999999999999997,-0.43312197175377204,-0.4556702660449971,0.023723642290018377,-0.04469939506141757,0.009138382988043104,0.10684634376734845,0.0032274124905295964,-0.04476488925457861,-0.005273595368965117,1.8745140118188459e-16,-0.9622603731471727,-0.02304806606796431,-0.2515272376308686,0.04201614440824767,-0.25157198331973635,0.4724353598467796,-0.47673306705579094,-0.06367578927958416,-0.0884988470076279,-0.09137723191061008,0.3289156773576711,0.0009585354706450779,0.8599959280890769,-0.5915290322639765,-0.7550057533387975,-0.49508075046787864,-0.5790822438838482,-0.492063293307357,-0.5724980950027577,-0.5767916893788448,-0.7231542322986491,0.5739770182444734,0.5824240800809476,0.1352149917749712,0.1808981591628999,-0.7510888745876454,-0.5616423552589119,-0.24254520958429743,0.6835008800800164
sp,0.024416325541462884,-0.05468371849519397,-0.07262524599672603,0.00012039873018661467,-0.030862688236910983,0.016677894625106608,0.030281909894637315,0.41839145655271975,-0.13388821090264577,0.4934774485463745,0.29774091825534504,-0.20884988986218822,-0.7616300264367395,-0.3011298847874226,1.0,-0.7846783383358261,-0.3023897477770832,0.1962743306160775,-0.26815141431700523,-0.021617047816554436,-0.13835942540980045,-0.02038285634438077,-0.013226387648125849,0.10755762718698675,0.4730598033101781,0.4786240753325263,0.1733408234716766,0.18653864101783876,0.2556763958388497,0.15124330794710214,-0.6181000034829572,-0.6140205259904825,-0.10277973191649468,0.2999550063644445,0.535615675834804,0.5004705026134689,0.5010508885779272,0.4237218114364428,0.301129884787423,0.25396672237850554,0.34309016003134146,0.01877804656437081,-0.020911817878693905,-0.02298616512141639,-0.05384329192981787,0.0013703038212302715,-0.019965290141643725,0.02829887282490202,0.051146557042039575,0.07822060493557566,0.336006126944873,0.8395756441320518,0.11096857864679464,0.9148178305861403,-0.19705504821288075,0.17875798415143548,-0.18515129330885938,-0.312644403180397,0.058804048921077136,-0.20804405327974843,-0.0763218555876571,-0.1357036047044236,0.3668886495481305,0.39745752342384844,0.5159647110251333,0.5358037993591226,0.515074868958127,0.5344133868114901,0.4384772085105654,0.4645111694483026,-0.7970203515784786,-0.8120505749765821,-0.14489588847768092,-0.1560817294177409,0.42934023290116613,0.5590629766799883,0.4696165728369626,-0.20191692449446183
t2m_era5,-0.015863437821962194,0.031382889551929805,0.052316597467759615,0.024659954262258484,0.016115964438784804,0.002673495246747887,-0.044470077923445636,-0.36622894968818825,0.4975663296980926,-0.6263504535738853,-0.3737234815625778,0.5431992108664645,0.6096134618378932,0.5321164732935072,-0.7846783383358261,1.0,0.14504449949045578,-0.05985406830756519,0.08520606769673446,0.01777738716233582,0.18348631157314077,0.13367337676452365,0.08142655172682192,0.016336124438793533,-0.4680902166440618,-0.4589977791766486,-0.03338897272374191,-0.1918775789049172,-0.2463328363805047,-0.01934639348141003,0.6621053390427796,0.647379533021538,0.002271643417431687,-0.22012728881721308,-0.6733076746140261,-0.6449981047628237,-0.6473231569224127,-0.5998839754203255,-0.5321164732935065,-0.39575630942815176,-0.5834340306395563,0.06127756495911352,0.03135544861950631,-0.006687652332207515,-0.10853644576338521,-0.0049223241887268124,0.02782141520941102,-0.03275934612042341,0.2200554392717882,-0.3432619410711575,-0.23053300502190585,-0.758552531939109,-0.03211997284791901,-0.804510607006343,0.6114849640597642,-0.5999944641042967,0.09407971200881127,0.09775824709092865,-0.16180177839461793,0.46880227291119786,-0.03928907409061828,0.36329485580379195,-0.598140840902893,-0.5580519974605102,-0.6522499595180729,-0.6108861554568233,-0.6493566011638836,-0.6074391358224444,-0.6193323101999822,-0.5989352310324736,0.9854731867423284,0.9219449683553311,0.1846892190675616,0.17443695213431212,-0.6169120578235229,-0.6456808890671804,-0.42362232029605207,0.5039237565331841
tcc_era5,0.037493705784586176,-0.06543573652065164,-0.023261599896377414,0.03822940367894481,0.014895972818934818,-0.010453072265153369,0.08479257862596891,-0.3268731498401,-0.09310596224127625,-0.2001720595699983,-0.14679260318939402,-0.007429911430903413,0.42014886709341936,0.08808012910254377,-0.3023897477770832,0.14504449949045578,1.0,-0.32012079699284235,0.2826798061117822,-0.004260494985875561,-0.021759213406373705,-0.11863284275523986,-0.12566039402263451,-0.3385218991025144,-0.20797973009290385,-0.1633400403574587,-0.41207146006255335,-0.04581353413805832,-0.06143238798043486,-0.39402415673028074,0.06024479857952837,0.04389263322755587,0.3077725724675101,0.037464586380281516,-0.21629075522115493,-0.2097302459154345,-0.2098068835329865,-0.2191939633658524,-0.08808012910254474,-0.14627949460082204,-0.13420525857195803,-0.07805825895016266,0.022337506819663677,0.0568766310013105,-0.00971614209734072,0.008927243891614409,0.026295091998004276,0.0032261266378668827,0.01598300511539172,-0.017700806469259974,-0.23691091187873792,-0.24900675256866728,-0.1707441962729103,-0.3053948584372419,-0.24243148663426517,0.25689705971433313,0.16811242167765975,0.21542567825504036,0.008635911406420721,-0.019482371285486643,0.050730069021323355,0.03981073279971242,-0.13613663190514924,-0.1339451123735612,-0.20516542139405478,-0.19206722330137552,-0.2048742831120386,-0.19146547770010167,-0.2136566354661167,-0.19864155386893795,0.1486600475993283,0.1503574981853365,-0.02345226407147623,-0.024536118245272097,-0.14873710690418473,-0.20656757101187959,-0.3545133599075797,-0.09421516547417298
u10_era5,0.08233519807030182,-0.06879977977567489,0.027840960582800056,-0.025929223724770776,-0.04351597110217233,0.024815341085799882,0.0018143389328377172,0.18696978062326775,0.08510452839026332,-0.008396885816530517,-0.11559457129171162,0.16563136641899362,-0.4020958857636693,-0.027066340831452467,0.1962743306160775,-0.05985406830756519,-0.32012079699284235,1.0,-0.5091633673061443,-0.022989832467049706,0.07774309045857095,0.07228610139283466,0.041257089386298344,0.19751998765492212,0.06746635356693306,0.10590188894378792,0.25785201662822627,-0.025939653705214453,0.03559789166340654,0.24703345999546264,-0.025686197347159084,-0.021966259889074396,-0.26661430705893785,-0.24727439207570923,0.0009858690769222061,0.02636143753581263,0.02036349880357026,0.004395516078816464,0.02706634083145312,-0.0112980776707027,-0.03753880594048682,0.10150179795650714,-0.02920264245253825,-0.06370731001453281,-0.06408733926252036,-0.01318520555543957,-0.034219930550260694,-0.005068514894724207,0.10695409849355204,-0.014204465033793703,0.1831460473301444,0.1517528837669188,0.14592067116467103,0.19283672598242865,0.32834274202177366,-0.33312628121414856,-0.2964756828627432,-0.23452756949914058,-0.22350324761233958,0.20924444771494655,0.03753473406686532,-0.0017953247130156856,-0.0284048566296769,0.016557890041809256,0.031400370203296085,0.061298638161071034,0.03704446563703227,0.06550445899017734,0.019916448604127637,0.05766826274972321,-0.07157890696911041,-0.10383963562673146,0.06896914044541921,0.0495409659151119,0.011278244615878053,0.058457633590289965,0.2318201848929744,0.02496238458215409
v10_era5,-0.027657569526725212,0.036577291019945106,0.007379729323581791,-0.009008479521083013,0.03542101312037908,-0.031760819293564536,0.02570127931379389,-0.1965928590406162,-0.1607509681262879,0.033974295564248885,0.15386040236139326,-0.15350278430230035,0.4026172381311695,-0.10341938895240183,-0.26815141431700523,0.08520606769673446,0.2826798061117822,-0.5091633673061443,1.0,0.027960365070199434,-0.13747399312023434,-0.0743540601801928,-0.046004439148905896,-0.16838868704639848,-0.11778375330902717,-0.12953733866164271,-0.2307220801385327,-0.008369278901021453,-0.038488835785209737,-0.21808273343073545,0.048652638842457865,0.05168691538202489,0.27954449855256036,0.10510391373485582,0.00016077376433295157,0.0014154279939413707,0.0040745050054251655,-0.003985434122156368,0.10341938895240134,0.09215566335187506,0.022873707839936704,-0.0871431102667553,0.02455768849087744,0.0463474080543922,0.002591752575493722,0.004404500804916401,0.02801861769152852,-0.0007805078751276915,-0.03616224033480224,0.16318990126822153,-0.2078386741451109,-0.20139795774832273,-0.15980165355864256,-0.25058844257502133,-0.29793398809982413,0.3020141103615357,0.6809068058238258,0.14257189653883115,0.09964035656266151,-0.20614369033314026,-0.08335952688516346,-0.13092261060281585,0.0546160187121815,0.07280080044523311,0.02204458441480113,0.03370016377846274,0.019179956090364082,0.031328971635031684,0.014369841891701736,0.027981692951518304,0.07518461772316119,0.07868253080889626,-0.1213803461169612,-0.08007795687055048,0.05942665801722938,0.022871503864722694,-0.18581435974214014,-0.19429898850111332
wind_dir_deg,0.026790237830452406,0.03580776243001884,0.07431539982839488,-0.15704392799460956,0.7352051208790942,-0.42732591858031194,0.013608569551886067,-0.00629430245829884,0.01329408722096572,0.0004787775225947497,0.009239695639958613,-0.009002186201313338,0.029899264425700567,0.0001293860063558506,-0.021617047816554436,0.01777738716233582,-0.004260494985875561,-0.022989832467049706,0.027960365070199434,1.0,-0.04866087920909656,0.000812663781998965,-0.0016582832792969696,-0.021130269777445504,0.021931871377896046,0.017251715770343803,-0.03652419576544455,0.029142903935771614,0.017896658617740157,-0.03591942114986524,0.02153190865663244,0.023531885122778397,0.03328627121155366,0.027978302489751822,0.004504709149270337,0.004692563078940162,0.0043687468482484166,0.0008573030409884873,-0.00012938600635605451,0.005977648177393593,0.01491536762024566,-0.030663806248324633,-0.011622705001266,-0.012279288647766354,0.005330206181824423,-0.0043016477644292625,-0.012790432834041927,-0.0038502023131612795,-0.005523262108298582,0.008322073863907327,0.008668851462611272,-0.03399354930861802,0.016264347915172186,-0.029625842366480557,-0.008156630746072325,0.0077059779423498875,0.004173488463136463,-0.0004413688696421894,-0.016640830466778986,-0.023973354677230517,-0.008204598622912338,-0.003561154619957289,0.016050475418344284,0.01469021024362257,0.004554944452470988,0.004854972322014841,0.004723306616596688,0.004772215717206047,0.001894884263031061,0.0036065502982713486,0.018094587309089985,0.018587527254866804,-0.04689230389433345,-0.0411151369764996,0.016162434876002517,0.005124292881906569,-0.007821523692892678,0.013978090976911075
wind_speed,-0.017473801413066974,-0.0010709390995080814,-0.03710459813643679,0.02634425401556351,-0.04998802188926175,0.029358129236333283,-0.03022969102294823,-0.22075739843476982,0.14553033646925087,-0.33888732539292965,-0.310601608708553,0.3299822522374894,-0.04812998244119529,0.09950908591632651,-0.13835942540980045,0.18348631157314077,-0.021759213406373705,0.07774309045857095,-0.13747399312023434,-0.04866087920909656,1.0,-0.11653978698929848,-0.10036470682860388,0.003822743294463935,-0.1786197761661305,-0.17359877362291395,0.03546864011691972,-0.01526361790800516,-0.02065411359911742,0.038757806286700495,0.11405816809691598,0.12208695946132014,-0.172660104234895,-0.2569506480861207,-0.3578109893390566,-0.3488977680615465,-0.35382090138386835,-0.31880829644365816,-0.09950908591632596,-0.31248727306135043,-0.3405422085703333,0.09389470537377737,-0.12766315072934775,0.031720664382694636,-0.09431608691134588,0.01833032812553519,-0.12512476604717665,-0.0008279484945608378,0.1446461552562243,-0.06431207404798618,0.10911606756722825,-0.15708788748051145,0.1444319351746927,-0.12207527265952205,0.2718936422103793,-0.26904900029797835,0.08162805387250495,0.04760306618107765,-0.18903748255749914,0.5989598713523459,-0.06345393475738996,0.07227076602747648,-0.3231812490861166,-0.260099415127832,-0.34694619152779993,-0.3150810103746881,-0.34256890318968697,-0.3120462295530604,-0.31422453773250575,-0.28356099315259997,0.1783733556240174,0.1518318170104663,0.9107877884262762,0.6815396811533466,-0.3043047659916629,-0.3382725572167773,-0.19879508235280371,0.1298893883863319
HCHO_satellite,0.06865980865000353,-0.0640365546415648,0.03455569881968713,0.01461683542239622,-0.008083021176440459,0.01624777321066276,0.021632298263379507,0.0847073971213493,0.22666229420156542,0.05669528025941225,0.10711199865623594,0.10942936793304633,-0.027067748293551606,-0.030832940206380735,-0.02038285634438077,0.13367337676452365,-0.11863284275523986,0.07228610139283466,-0.0743540601801928,0.000812663781998965,-0.11653978698929848,1.0,0.9574119799332098,,0.2740371097452663,0.2478101911113824,-0.001470288425130042,-0.3090418563391987,-0.29228308696021,0.009867481432199803,0.1027290363707716,0.10910874089960235,0.012904189129516061,0.09090986496187502,0.06524462031989901,0.07191815198363857,0.07591462014757899,0.032159923016277285,0.030832940206380326,-0.006566194571424281,0.006733790748466312,0.07843653359306116,0.054908619757923396,-0.01841943480209904,-0.07338428290485105,0.02715982919631875,0.05324352715609718,0.021567966214158338,0.07071055124400105,0.07380610308617035,-0.038343917227269333,-0.031014318005746083,-0.028836789524545707,-0.03688888106873837,0.15354902213293498,-0.1571281988354054,-0.08927659803158833,-0.1292696717388688,-0.0026683787892930553,0.012869110581445195,-0.024167888482798456,,0.012888162174374327,0.050139658636176455,0.07764876386501796,0.09471236925581793,0.07476939869881159,0.09393979454215387,0.0343139467771045,0.0832259508201439,0.1290528157802705,0.10231074909290383,-0.1275245752722702,-0.10984691508447735,0.050617307489543586,0.08953002271311443,0.13554030910633702,0.16100493981520483
HCHO_satellite_daily,0.011956233618133295,-0.04325532017024507,0.037589132531036136,0.016320303050272923,0.005393546579296486,0.013329931758889699,0.013061443840157477,0.1662542413974563,0.07550730204941726,0.09450055909611402,0.11804401459162063,0.03041438239518881,-0.009073211319693544,0.004072752497224945,-0.013226387648125849,0.08142655172682192,-0.12566039402263451,0.041257089386298344,-0.046004439148905896,-0.0016582832792969696,-0.10036470682860388,0.9574119799332098,1.0,,0.25871087202865684,0.2852361032996739,-0.005129204429067551,-0.24225819533073017,-0.3257936077397784,0.001288926597856296,0.10091905563554657,0.1077092376648309,0.029422379552875726,0.11310962033933378,0.09110337681638749,0.09492008972197287,0.09528065732555359,0.09591494867077349,-0.004072752497225169,0.10177370560087753,0.04455947852083726,0.07208260665125532,0.06331707489801194,-0.02907323246544622,1.0723963425321487e-16,0.02683138807541169,0.06082118171127056,0.01095938035520419,9.98055986660774e-18,1.0586466118947497e-18,-0.04171129122398141,-0.01847317194139581,-0.03567391647543088,-0.025409947112587865,0.10543464827097968,-0.10647978587034938,-0.059307681908228924,-0.09156220310167106,0.005921134143970866,-0.0013292704254307041,0.0012748720360731649,-0.0018700641261467092,0.04427824245338061,0.04261939346611106,0.0903329525443073,0.08098442546006131,0.08994710539130375,0.0805446956819991,0.0921529480898738,0.08301731977692012,0.08081670012273835,0.07960435547361845,-0.09707540487416867,-0.09199483991355685,0.04837151227047825,0.08909835868749608,0.1769449113766246,0.08946228156506539
HCHO_satellite_flag,-0.0016786398633942736,0.009107052113726345,-0.028880935196168717,0.032390184662986786,-0.027349310145831585,0.02028665511652121,-0.06091955268877851,0.1667169018090996,0.08526574054820142,0.07829901593185445,0.0679997918122725,0.03904361541249327,-0.18653721715790006,-0.01610437898161206,0.10755762718698675,0.016336124438793533,-0.3385218991025144,0.19751998765492212,-0.16838868704639848,-0.021130269777445504,0.003822743294463935,,,1.0,0.035978810110412346,0.03525281787444884,0.7188151044928426,,,0.7745716535913821,0.0853468149931111,0.0896865540063071,-0.19386192592693346,-0.061482418484388776,0.0761008089079818,0.07674706919506684,0.07647621911114948,0.0971015470298992,0.016104378981612315,0.06932896289301643,0.05362807432885557,0.06461585225103188,0.03380074618298371,-0.020423131322439184,0.00012899636272991,-0.02532730469411572,0.031980875640686544,0.018022364550912908,-8.756961555096595e-19,-0.00010981065977909358,0.11111581767787368,0.05560516802978568,0.10745156419151233,0.0823269395903075,0.20612759506176537,-0.21283947116225865,-0.10701988540642365,-0.11577291293009291,-0.02370084901703367,0.039974300306568754,-0.0013799655141669125,-0.006748493054517682,0.05198027627099013,0.04810207623946152,0.07465680328787974,0.07170116750536662,0.07492208115192578,0.07199137912994048,0.0954901431197264,0.09192031847694906,0.01685126220452136,0.017425096053783135,0.0035134215772926573,0.0029666902826393704,0.05522074317007939,0.07701842311067657,0.1747099071554574,0.10138779399471577
