,NO2_forecast,O3_forecast,T_forecast,q_forecast,u_forecast,v_forecast,w_forecast,NO2_target,O3_target,co,hcho,blh_era5,d2m_era5,solar_elevation,sp,t2m_era5,tcc_era5,u10_era5,v10_era5,wind_dir_deg,wind_speed,HCHO_satellite,HCHO_satellite_daily,HCHO_satellite_flag,NO2_satellite,NO2_satellite_daily,NO2_satellite_flag,NO2_satellite_lag_1h,NO2_satellite_lag_3h,ratio_satellite,ratio_satellite_daily,ratio_satellite_flag,aluvd,aluvp,aod550,bcaod550,pm1,pm10,pm2p5,so2,SZA_deg,no,no2,year,month,day,hour,day_of_week,day_of_year,is_weekend,hour_sin,hour_cos,month_sin,month_cos,day_of_year_sin,day_of_year_cos,dewpoint_depression,relative_humidity_approx,wind_direction_rad,no2_pm25_ratio,pm25_pm10_ratio,blh_wind_interaction,solar_elevation_squared,is_daytime,no2_lag_1h,no2_lag_3h,pm2p5_lag_1h,pm2p5_lag_3h,pm10_lag_1h,pm10_lag_3h,so2_lag_1h,so2_lag_3h,t2m_era5_lag_1h,t2m_era5_lag_3h,wind_speed_lag_1h,wind_speed_lag_3h,no2_rolling_mean_6h,pm2p5_rolling_mean_6h,NO2_target_rolling_mean_6h,O3_target_rolling_mean_6h
NO2_forecast,1.0,-0.6885732152690668,-0.2512022604160274,0.0225683389624916,-0.09598944882788797,0.05338121682715276,0.4244373845182033,-0.022011611445110272,-0.000793155824133747,0.016435872891038678,-0.011222082279500582,-0.0762209144331419,0.010360643889598885,-0.030258209294882783,0.07174300212028237,-0.0716189921863862,0.045575645180917015,0.07332720262851039,-0.048523760607815415,-0.06561556186761928,-0.06817129515496578,0.05408095832905455,0.0017515708779234688,0.08433591010568499,0.07403112318480971,0.01443394093124107,-0.00820401786755034,0.07315763125596583,0.07484701369696986,0.05584359211493119,0.0869196831376948,0.00555107950575359,-0.02410976509152584,-0.03747004781707061,-0.025372534542387325,-0.05072478849932318,0.022717923526361664,0.02097060591901389,0.02176006127659467,0.044569834578594474,0.030258209294876305,-0.008175693012446247,0.08072878456400355,-0.01663494079563547,0.12243844388075535,0.05304230682374337,0.038150215204883896,-0.0005617740241750972,0.1251606809678703,0.04111665095345862,-0.038726085612324865,0.014347997499541056,-0.07825065562084997,0.07679576189574386,-0.10346745888203508,0.05226207939789964,-0.10729062091165308,0.10771486164027733,-0.03187906539100492,0.045307492291379085,0.02400670716039899,-0.0673722612125377,0.002967641499574064,-0.022052035671757952,0.08113248565413178,0.08169959648174946,0.02192228961529135,0.022154745416150146,0.02113151436265627,0.02135910421642591,0.04484939292027108,0.0452217144789325,-0.07133116663425382,-0.07079427900250355,-0.06769766814877434,-0.06677382284947955,0.0834665957603475,0.024469607534362513,-0.02255077371034738,0.00010351342006139591
O3_forecast,-0.6885732152690668,1.0,0.4006410185990098,-0.11316679437015108,0.13446585826052596,-0.12643572005464593,-0.691860758307911,-0.04009956034210131,-0.09436083241167016,0.014625285540452969,0.04746872326023099,0.06255383644043,-0.04380999315611195,0.03399682848900478,-0.08620154694387858,0.06958703679826113,-0.08608707652423919,-0.03816027042220517,0.039332404882814004,0.09606633662098125,0.0957224994672154,-0.05826581653070133,-0.029186390227372568,-0.08035095530343982,0.005493010262547375,0.009188383886806786,0.08144079711404575,0.005880374071498257,0.004896714089716386,-0.03211222578546758,-0.09071582094680343,0.062005841923446825,0.06661097960342138,0.0781511374012622,-0.01842030820894749,0.031817197861639654,0.005729263089798967,0.006944758386154436,0.006356039719051666,-0.01011365681353968,-0.033996828489001665,0.025324032612531598,-0.042740516618682244,0.2797476802721358,-0.11749943624499289,-0.06462253211050432,-0.005146186127549508,-0.0019036281134097149,-0.12251501224774547,-0.045922376501856224,0.007918747492071559,-0.012240322469913446,0.12811957362987936,-0.0988062243072903,0.1582458014426176,-0.05761371899323491,0.14162150857392175,-0.1412712729777387,0.0230219615752008,-0.02862450572544576,-0.021849963073297892,0.07261487854099022,-0.0009877589304283052,0.019052476919109638,-0.04272294458657703,-0.04253725571117224,0.006241507946834477,0.006036004512255636,0.00682401609438,0.006604905985150912,-0.010221792971152019,-0.010369175200528675,0.06951584348322377,0.06938910166760659,0.09551039944340083,0.09501235437565834,-0.044309145125517396,0.0038282849559607545,-0.03979292014940953,-0.0952147447736117
T_forecast,-0.2512022604160274,0.4006410185990098,1.0,-0.0971066856075358,0.08510259501784212,-0.09269549215176384,-0.3572648085684721,-0.04060726675469139,0.002788200384835014,-0.010851631299005205,0.025301041552270396,0.0441974212262698,0.04081702744387636,0.01597528596374913,-0.09836223633283876,0.1051869648549205,-0.054952665898865244,-0.0003571406659756653,0.04619931968719341,0.07370145062427773,0.012076120072080735,0.0012116304930807845,0.036926689524172454,-0.04514404629865692,-0.04392940689401828,-0.0064318985541696,0.007069617440512326,-0.04201271909450051,-0.04100090145283506,-0.0629885442622414,-0.06823674328478385,0.011442311330802448,0.09213247846990548,0.09268247338571241,0.05713849946577496,0.011341690077419751,-0.013890868399596254,0.0012840423461904856,0.00039595866902815055,-0.00788288527301557,-0.015975285963747487,0.02991298459527028,-0.046864478039930886,0.08751550871881217,0.02747172950605916,-0.0010429155506654479,-0.0005387916475215999,0.012739411855098684,0.026402179624166598,-0.015448611561457973,-0.0017013758639993922,0.004877256255506072,-0.041259146477763214,-0.084506528514776,-0.007451590552954826,-0.08359060713053809,0.09551362440443115,-0.09549125269581717,0.02688146914303698,-0.055172705658296614,-0.04825710227606603,0.03172334058959109,0.0002987207034750922,0.0006868005444970059,-0.04659623262583419,-0.045930477006347226,0.0005082738395213778,0.0008548827283301875,0.0013928443936939404,0.0017376053597527353,-0.007717169442795528,-0.007241350792445953,0.1052394918560132,0.10531145906806191,0.012362631615020579,0.012873547430131813,-0.04555871933521892,0.0014759011998060972,-0.04078446366888779,0.002736561105090884
q_forecast,0.0225683389624916,-0.11316679437015108,-0.0971066856075358,1.0,-0.1493949845524112,0.15262130893989512,-0.021088138736436574,0.02962333291544487,0.06488280797559585,-0.08282167509717289,-0.08657979007025106,0.020031876528925144,0.031179741286787837,0.01592615541088362,-0.07588374054201377,0.06259250736525765,0.11216323081214849,0.02547017275951318,0.00282128668392009,-0.11091596248782579,0.02250223299134353,-0.09564491356296073,-0.049187604913961507,-0.041992259262438505,-0.04977864026988583,-0.06095096639372466,-0.03864015449011169,-0.04997180387015307,-0.04929017240122836,0.1457416791674585,0.12806560755021523,-0.0350963047012834,0.09542412004735899,0.09301794078344418,0.11484197678656259,-0.03729804348462493,-0.07025293506737146,-0.04366273397377385,-0.04592328323113209,-0.051707313894701006,-0.01592615541088301,-0.04567217582449665,-0.042078273244732296,-0.14367860910622626,-0.03157165556417696,-0.0052114717725648615,-0.0002633663954036217,0.03588948647366534,-0.031394370309608004,0.05481840935210697,-0.0003687335208638647,0.0011598060651597914,-0.04764331844367064,-0.05606115711828581,-0.022857651749595507,-0.07103015419386786,0.049203453534930996,-0.04832476853743156,-0.00048219957360596155,-0.008262126522231397,-0.04513529170782136,0.029842484397374906,0.005798764349972588,0.0059371026781764626,-0.04206160152061512,-0.04201912833752821,-0.04590937185382545,-0.045844855440510965,-0.04364771520659763,-0.043592552191612434,-0.05168800720391055,-0.05157207384062268,0.0625362776617508,0.06239683269967829,0.022631555276436923,0.022898231267712416,-0.04122422847817061,-0.0451738254722028,0.029618208097742762,0.065021893441345
u_forecast,-0.09598944882788797,0.13446585826052596,0.08510259501784212,-0.1493949845524112,1.0,-0.47219754117266627,-0.08577782792072187,-0.025336368898254327,0.021113382030184036,-0.02986185077980191,0.013485020744500203,0.006032358828006778,0.08330164592329578,0.04864465313263764,-0.052826209058355486,0.05720676109821811,0.022865813755891858,-0.08689128169351182,0.05717234964032365,0.7387138654620786,-0.04216565464191361,-0.04101457337832005,0.004785077633137622,-0.0076374215220863986,0.0466777125942147,0.04335433771552634,-0.0285260958700009,0.04517212011754123,0.04254120686640123,0.013037523140776263,-0.0424312916245433,-0.024401127988258036,0.03270824795724754,0.03189404822811888,0.02383105621579807,0.050282545139815706,-0.031175973358819286,-0.03653229208210997,-0.03740024802567815,-0.041426610939867055,-0.04864465313263625,-0.017263358287907843,-0.036007826457899524,0.004767180981553393,-0.007534953238427388,-0.006720950460514204,-0.0015391395613019655,-0.02602243045355241,-0.008368821937520445,-0.024649428561249555,0.018427590036141694,-0.03214102120123379,-0.012753411214146155,-0.07056494278989309,0.0018232650826667082,-0.06561541339692313,-0.015733331546667974,0.013583942854209581,0.01924275778311095,0.0007633930849220934,-0.018009180523829348,-0.023931841682693883,-0.01606726762625799,0.0380748781381507,-0.03629038489118888,-0.037114259737717564,-0.03749894799852364,-0.03754825272646716,-0.03663243048944501,-0.03667758310382814,-0.041546996183321805,-0.04150627319177256,0.05713677809696105,0.057066375246070895,-0.041624025235685744,-0.040785029386309735,-0.0370721668426962,-0.03750948062006062,-0.025790190835315117,0.021161939981540923
v_forecast,0.05338121682715276,-0.12643572005464593,-0.09269549215176384,0.15262130893989512,-0.47219754117266627,1.0,0.14806296017704867,0.048911266556670684,0.06052534097888617,0.009846855679360944,-0.011506967968297976,-0.010737733063220846,-0.054063604181834146,-0.04522367798127485,0.0467296219924238,-0.04609907699885879,-0.022310864569008933,0.053425459225668374,-0.03777448070189016,-0.4065687987156484,0.03252018291656793,0.028047969812227954,0.005155619684680104,0.04096459348677363,-0.041045835928232174,-0.062358235077839844,0.019807405535519247,-0.0405938846196141,-0.04112907077552667,-0.018807973987525636,-0.0006026701569465114,0.023682340185748937,-0.02729699754512694,-0.027563695273312275,-0.05974869376970135,-0.06563994724911561,0.004450690659771438,0.003919154645719132,0.0037500096047433634,0.0178543081374665,0.045223677981276314,0.009898522025314048,0.015193574288230673,-0.15928354475854592,-0.009564097471380564,0.012453771970745587,-0.012980499505574807,-0.01959663071572803,-0.007168753996758345,0.0033838736665376375,-0.002475819606294015,0.03435973067706996,0.004791217519374676,0.058606564872472684,-0.012327260077176666,0.046722817558100045,-0.0017911144534603124,0.0021595012532380467,0.0015811463080564615,0.018597544065941225,-0.0044746102377472745,0.018917608480926443,0.002320523921837879,-0.043411211254853664,0.01532973153799492,0.0161111042310821,0.004081386406732206,0.005327735875073854,0.004245848906987617,0.005487583943494162,0.018338269445449255,0.019765569449641543,-0.04631485751956133,-0.0467793298060122,0.032376273881440376,0.031702322694052744,0.0158624277397663,0.004816679158051507,0.05032778217912891,0.05991867639735437
w_forecast,0.4244373845182033,-0.691860758307911,-0.3572648085684721,-0.021088138736436574,-0.08577782792072187,0.14806296017704867,1.0,-0.036286833383580366,0.09314598198487894,-0.038951794785194296,-0.05396388904191853,-0.04340559844211676,0.09377298561181623,-0.004952908086827442,0.018948682274188874,-0.01090842771588764,0.08146098970628003,0.0052412217556763625,-0.008993103511295288,-0.08049919357021568,-0.04529074454528057,0.047750796780944016,0.00448944758079006,0.03196735051873195,-0.04225548395093094,-0.06886517816662213,-0.05871125409192105,-0.041749788502143455,-0.03562090363618781,-0.040882015755934864,0.028869933229882905,-0.05779696695607602,-0.047309655728785975,-0.060786853224696104,-0.07057022945458412,-0.10719582824850689,-0.046270574889320584,-0.05615430439929947,-0.055364681731570636,-0.016045380411883366,0.004952908086824928,-0.030027857047469124,-0.0035936923635364756,-0.21595675213775237,0.026281718794953928,0.049100407047354806,0.0040782985783814315,-0.033423993014773716,0.03144290692242621,-0.007396445777807344,-0.010609282531789891,-0.0006978943752663526,-0.07280464605283363,0.036509273792402236,-0.08905964560078608,0.005090333407638401,-0.11845902552964442,0.12037189261966492,-0.0056154694377631795,0.06760834746629885,0.02673192120105697,-0.029280389454331278,-0.010980528964350717,-0.0022717122734732245,-0.0037953885336336254,-0.004024791237467105,-0.05547668717936481,-0.05548870820529926,-0.05626050310115027,-0.05624254445047406,-0.016095971639138534,-0.015985866835871377,-0.010954672576843806,-0.01097560021796551,-0.045189507959161004,-0.04499828519038641,-0.004466639146295405,-0.055169093954185344,-0.036588691066838104,0.0939670647486265
NO2_target,-0.022011611445110272,-0.04009956034210131,-0.04060726675469139,0.02962333291544487,-0.025336368898254327,0.048911266556670684,-0.036286833383580366,1.0,-0.22677208408460173,0.473697706881037,0.2601563161459991,-0.3774948713802125,-0.39013208734686394,-0.048937113101572366,0.4374084036618499,-0.43976789308140657,-0.2131288404603125,0.06499909482970316,-0.04857457730284767,-0.016479900800983494,-0.22961359764871395,0.022674525478870486,0.0890133312677344,0.11040710262609059,0.4261504058323277,0.27974083134559347,0.0641320538575355,0.42236436296348223,0.4238050127484178,0.018096722188881167,-0.008850680938861493,0.07095153160627857,-0.3965434650654623,-0.391381854127305,-0.025465187160653695,0.29649676288499993,0.5606260670293942,0.5354521859522364,0.5414210995083302,0.500793361890233,0.04893711310157708,0.33174698422105503,0.45440630934120757,-0.22804693227087414,0.0542980116207922,-0.01588517190637885,0.15081186828123788,-0.06258249447898821,0.05491333160182942,-0.020493136785689238,-0.2569186712464856,-0.08051571899603836,0.10417244697772722,0.45790849334212036,-0.021400655971492426,0.48292131827513635,-0.1562201710238063,0.14074883589809328,-0.07488983675545281,-0.09131726195734033,0.14425230643177364,-0.3381491091907158,-0.08842138819183155,-0.0014464081623122012,0.45361945446563556,0.44969622747784976,0.5401690410987905,0.5359108007736417,0.5341962390072273,0.5299399266849498,0.4988229612332547,0.49298565275968154,-0.4375143507052698,-0.432541797950315,-0.23026754049887876,-0.23084656577820287,0.4531893621622547,0.5354953449789454,0.989332820453599,-0.21120579138470036
O3_target,-0.000793155824133747,-0.09436083241167016,0.002788200384835014,0.06488280797559585,0.021113382030184036,0.06052534097888617,0.09314598198487894,-0.22677208408460173,1.0,-0.3728924830443331,-0.3282236922269917,0.5973189307090028,-0.018163274365860852,0.4428740856482935,-0.1267189727485844,0.40698534061460345,-0.050971218555917366,0.047653462751617595,-0.13370295579020353,0.01247618699786977,0.06947191288761806,0.1688685205567945,0.09132045176027262,0.044938198256613104,-0.027922809536148115,-0.13211558101651696,0.07992344902803142,-0.022392670392769154,-0.01849127710050753,-0.1446359356480332,-0.0897308027514056,0.06941094161565044,0.18005979956071702,0.185183303689317,-0.005525630397508977,0.027510220264832637,-0.40198373079821176,-0.39852359847307484,-0.40179440984089954,-0.4283597530350486,-0.44287408564828906,-0.32284484285283127,-0.4731343190936059,-0.22233132046266763,-0.14035954817031804,-0.03626377297736152,-0.13147442270273232,-0.012309441381299623,-0.14087292340485594,-0.017302424514650156,0.3943828438910143,-0.41763609759361464,0.15963856899669968,-0.1677321592840554,0.19965989914233515,-0.12393602569679414,0.5646002898844528,-0.5688262430889335,-0.0751750773728735,-0.21239667771988485,-0.11366929114726723,0.408414480183217,-0.004950765269579822,0.3946605438510243,-0.4751302350171618,-0.47797910090460793,-0.4028133071493024,-0.4035552887213679,-0.3994778217880539,-0.4000534480671888,-0.4300343948264452,-0.43269687180532634,0.4049425261323301,0.39994705773279315,0.06962281734261193,0.06937348966473243,-0.4882796440345707,-0.4088756819586185,-0.22455823654801663,0.9891585094415704
co,0.016435872891038678,0.014625285540452969,-0.010851631299005205,-0.08282167509717289,-0.02986185077980191,0.009846855679360944,-0.038951794785194296,0.473697706881037,-0.3728924830443331,1.0,0.7346493401960735,-0.4608236769165925,-0.4074428607274738,-0.40759455207409345,0.48248109339638856,-0.618300761465746,-0.20367142728005214,0.012548085421598918,0.028066965211393298,-0.022866656055726,-0.310618445934352,0.03324814197522238,0.0727901878967416,0.07402643350265341,0.5014673435284427,0.3601951985111384,0.07960630207088634,0.5086728639139438,0.5104927558581682,0.10076035455124498,0.009580286376602144,0.0793847602435817,-0.39657164669246764,-0.38868740449409067,-0.018301752519806546,0.27173196423258034,0.9628554006869097,0.939011668170073,0.9427738766784092,0.8731013063629759,0.4075945520740927,0.9074259387752163,0.6285568117755798,0.03406365044986225,0.03636864076135105,0.002373928305824376,0.12194177935270903,-0.02740444064788235,0.037883384703905246,0.0007368286245191608,-0.3348304345522667,0.2872017122088239,0.15434623185434604,0.4656975393873909,0.027086064717562683,0.503269174085334,-0.3730543922976787,0.37351355706337747,-0.05268178760432808,-0.20840000091662308,0.10456139806214057,-0.38951083653075724,0.1189677620788808,-0.33828841760265643,0.6206110003262423,0.6145731039480362,0.9314217034085737,0.9222699368908768,0.9276381630785732,0.9184227013689928,0.863721972474554,0.8567235147323369,-0.6175057779034722,-0.6127687838250384,-0.3091081170921812,-0.30335689637946867,0.6260837977964041,0.9340091260163825,0.4741952038487707,-0.3681920254185843
hcho,-0.011222082279500582,0.04746872326023099,0.025301041552270396,-0.08657979007025106,0.013485020744500203,-0.011506967968297976,-0.05396388904191853,0.2601563161459991,-0.3282236922269917,0.7346493401960735,1.0,-0.40849048690939715,-0.12332108608431788,-0.5084919604898798,0.2271803091688885,-0.3547330032891812,-0.1309509020940505,-0.1468686408687616,0.21084610130364892,7.075458543023617e-05,-0.3025992529421384,0.15545285688700256,0.1560497570563739,0.06381338889378513,0.20496850962854124,0.22885040441575105,0.04513045814304097,0.2740871453086997,0.2978716121350049,-0.05534870565113323,-0.06474898045405768,0.056002152108397825,-0.06968068243254621,-0.05997552518234006,0.08844980998375529,0.24742610381433924,0.6489619390497311,0.6370504170052563,0.6397897566742674,0.5323235108811034,0.50849196048988,0.6576510680300018,0.4744140969367628,0.05824555563391891,0.031055791619695565,0.007309310372450139,-0.1252006974123573,-0.0287233227970343,0.03190706414099173,-0.016327730016750447,-0.08133033993478975,0.48973014436916146,0.07225008319302673,0.15140599757613893,0.032034199960308145,0.17038928813699883,-0.3349992021426068,0.3344584035817117,0.08286965219715067,-0.08158694497972573,0.08262201622616462,-0.37179965873592224,-0.011646439202766201,-0.46609344345977294,0.4628299224644006,0.4549213227514263,0.6309783112887183,0.6231065359921978,0.628230029803495,0.6203476856210871,0.5254431915502733,0.5201027550951848,-0.355704212972014,-0.35669063384319455,-0.3020266074846242,-0.29913794037432234,0.46808070747790836,0.6351051405801897,0.2622481828905457,-0.33261322285355216
blh_era5,-0.0762209144331419,0.06255383644043,0.0441974212262698,0.020031876528925144,0.006032358828006778,-0.010737733063220846,-0.04340559844211676,-0.3774948713802125,0.5973189307090028,-0.4608236769165925,-0.40849048690939715,1.0,0.06647016937658495,0.426472481956092,-0.28830917474318396,0.5603788151079672,0.011928773999226254,0.1157253398844075,-0.13747811095917917,0.0018809573648632147,0.29592709831099545,0.09270596070893429,0.03186007897746974,-0.0014980284140154805,-0.2851486842814657,-0.13015410828021515,0.031540497233129426,-0.28346156700521596,-0.281626908212842,-0.0988807479947134,-0.017708433806884173,0.029671251226365943,0.28140372089337157,0.28548767855011215,0.034377762153807785,-0.06150435843523199,-0.5121291016383778,-0.47456291892829616,-0.48790403336678345,-0.5454054577673879,-0.4264724819560917,-0.3610416041243258,-0.6604562543654502,0.030900465093856536,-0.09254436029134452,-0.006977143395976271,-0.23478741657056,0.008658910034568198,-0.09285776425227604,-0.011107444697572785,0.5475269248908073,-0.3750727120291423,0.04669743803000335,-0.2665348595169585,0.11656255672710106,-0.25107538475128527,0.6760744790602484,-0.6575120683286495,-0.027595944808460535,-0.3415398331315471,-0.34928420101041585,0.8483679000438381,0.0022486943402833938,0.38303651073352163,-0.6604480760929632,-0.6572543007103652,-0.48726543748758866,-0.48412684256625604,-0.47389930423869703,-0.47074484246621,-0.5452524083367114,-0.5435923461885507,0.5518311975214871,0.5429317901570605,0.28269696744351075,0.27735012725111113,-0.6659553846916544,-0.48751044051772885,-0.37398827431730813,0.5842011463735066
d2m_era5,0.010360643889598885,-0.04380999315611195,0.04081702744387636,0.031179741286787837,0.08330164592329578,-0.054063604181834146,0.09377298561181623,-0.39013208734686394,-0.018163274365860852,-0.4074428607274738,-0.12332108608431788,0.06647016937658495,1.0,0.19992904108289025,-0.7815336979407865,0.6804620985010931,0.4026232442295881,-0.44806886510427857,0.4013544924894908,0.08976887709393865,-0.06569980449709087,-0.02865873011873866,-0.004132278644011559,-0.14642878628364642,-0.3906266163164617,-0.35749547738039134,-0.3160578879392025,-0.3901050648597188,-0.3878116852515332,-0.05701725969935825,-0.09059575360699487,-0.2725338482857968,0.4696304088352009,0.45053080565882847,0.2758786410394912,-0.10027899147911828,-0.435705179117347,-0.39922953987039883,-0.3999757532684113,-0.3451651918629314,-0.19992904108289303,-0.1837624642704718,-0.2505599609767814,-0.0364852970720513,0.0730872212863387,0.0009884993421894479,0.004329761451788464,0.021381819242985274,0.06973870530753143,-0.019681551051295043,-0.020948982428605864,-0.011184716021170042,-0.5277372534112468,-0.6667015735496679,-0.33836968490428687,-0.8044236262934324,-0.19727367076378616,0.21114537565864583,0.2554953753169721,0.2586011168218286,0.0003895862966360826,0.014534787146264756,-0.03108395457555432,0.09702609688527826,-0.25171441955116375,-0.2532246115228563,-0.40090316540265974,-0.4024957670426257,-0.40014603253692943,-0.4017217137379191,-0.3463837624997623,-0.3485201737495781,0.6843912635970703,0.6847551648500021,-0.06158247974794823,-0.06132401447594343,-0.25707055152845404,-0.4044380460440853,-0.393369468492635,-0.01707088309396076
solar_elevation,-0.030258209294882783,0.03399682848900478,0.01597528596374913,0.01592615541088362,0.04864465313263764,-0.04522367798127485,-0.004952908086827442,-0.048937113101572366,0.4428740856482935,-0.40759455207409345,-0.5084919604898798,0.426472481956092,0.19992904108289025,1.0,-0.3186466637087231,0.5320162683121292,0.09076150314392456,-0.04155278928725317,-0.12649174400418747,0.04435938215133356,0.08053578789043823,-0.004289447705770795,0.01725060344138844,-0.022323705082152222,-0.3988444506256483,-0.10927465724654019,-0.03019027067916333,-0.3812901204919207,-0.3616548111755053,-0.10305791829589334,-0.025427081610973738,-0.025114579958202755,0.20508692235863454,0.2068362618666789,0.04500366408413915,0.05030933319869188,-0.33465910502764484,-0.3145935998067559,-0.31499665539024235,-0.3139581922337246,-0.999999999999999,-0.35147696635619863,-0.30506796523223684,0.0186377238293316,-0.07682657445945916,-0.00882521304995132,0.19161895000407173,0.0159990636491556,-0.07748404384955408,0.0020049329812488973,-9.035379537885899e-05,-0.9600227754892451,-0.009873510006803678,-0.2564056471470393,0.059159434088963195,-0.2566756783904622,0.4903075295289793,-0.4939724015274504,-0.0982918770460061,-0.035689412963785645,-0.032359969686019424,0.3284034062513894,0.0038887676825890213,0.8550625706997004,-0.31259445205120956,-0.3323461538078604,-0.3198120890416096,-0.3330549615937673,-0.319250215223197,-0.3320641017082637,-0.32109779157007484,-0.34103533273529346,0.5357756959765072,0.542169540500234,0.08291301531048545,0.08698913317536561,-0.3455128763039763,-0.3403262976359779,-0.06338378752756145,0.4622382338102114
sp,0.07174300212028237,-0.08620154694387858,-0.09836223633283876,-0.07588374054201377,-0.052826209058355486,0.0467296219924238,0.018948682274188874,0.4374084036618499,-0.1267189727485844,0.48248109339638856,0.2271803091688885,-0.28830917474318396,-0.7815336979407865,-0.3186466637087231,1.0,-0.8151944231459322,-0.28822737381822644,0.25944908977515607,-0.2974355296712021,-0.05840441409313061,-0.10307725783250718,-0.08025989671209788,-0.02026934359964702,0.09699746381474195,0.4057726519144588,0.3923210564167243,0.18352721551509757,0.41316281472706395,0.4070167594488781,0.05854144388950054,0.0536961335723032,0.1437708688371106,-0.6752189136256072,-0.6722356298254626,-0.2541914448023687,0.21999441301134334,0.5144346941454104,0.44716061088588244,0.45158058204354057,0.41859143628855977,0.3186466637087226,0.22805974020457137,0.32585157085854694,-0.04623530765847817,0.10112180554329409,0.03540868090137825,-0.0520152337352607,-0.04549629244882439,0.10591317896822824,-0.00464812773055625,0.02569644041284869,0.08950504050262265,0.2711233648246685,0.843510201022443,0.033469284439958225,0.9134466068848862,-0.22420665322159905,0.20602164269454248,-0.2084290435021233,-0.19815793949215202,0.08573229656591647,-0.25601812761034204,-0.04784911320002699,-0.27221245670523175,0.32443190576585673,0.323537270389394,0.4501597268512035,0.4487608626373031,0.4456753332038296,0.44420373367830607,0.41882227286494755,0.41926070380875274,-0.8155591705571084,-0.8165897447178743,-0.10362187324212513,-0.10413080272756493,0.3305112354797289,0.45525451009413964,0.4395235270425069,-0.12853310992825093
t2m_era5,-0.0716189921863862,0.06958703679826113,0.1051869648549205,0.06259250736525765,0.05720676109821811,-0.04609907699885879,-0.01090842771588764,-0.43976789308140657,0.40698534061460345,-0.618300761465746,-0.3547330032891812,0.5603788151079672,0.6804620985010931,0.5320162683121292,-0.8151944231459322,1.0,0.16743705968818795,-0.1536171331289194,0.1321070470160201,0.058827354229507,0.12767094702040102,0.05513988279949116,0.05724104389488181,-0.017231588329852277,-0.41518910818913496,-0.38103560066851727,-0.07247689660384053,-0.4139511074870872,-0.4130337063940057,-0.09790036519705651,-0.0829424634737284,-0.0413045748978109,0.6664203918543092,0.6486256460261715,0.13352675257868854,-0.15185214615655274,-0.6507554692736827,-0.6001558661061622,-0.6054744969275628,-0.5727869230486333,-0.5320162683121312,-0.3686485625343409,-0.5448201533951023,0.05096431602499989,-0.07371419604551228,-0.014624902328791522,-0.08533478443332486,0.006238570018692607,-0.07690591458294649,-0.02929213001441982,0.23223604179563231,-0.3439230961551437,-0.23316893833148,-0.7438094423009107,-0.02676465110535852,-0.7977224467399091,0.5841457005354119,-0.5710043308733522,0.10643201522952861,0.025134597969675918,-0.141039128756446,0.45926226541788273,-0.04208473463222364,0.40138972428400627,-0.5449556386957659,-0.545603799297764,-0.6056637263018658,-0.6063406986458879,-0.60032944633787,-0.6009379092503261,-0.5734194744800404,-0.5760287484718025,0.9948374939466468,0.9910940751416193,0.12638982856606124,0.12561935254974596,-0.5538932988829696,-0.6111099208858278,-0.4463431400491854,0.40822193120983713
tcc_era5,0.045575645180917015,-0.08608707652423919,-0.054952665898865244,0.11216323081214849,0.022865813755891858,-0.022310864569008933,0.08146098970628003,-0.2131288404603125,-0.050971218555917366,-0.20367142728005214,-0.1309509020940505,0.011928773999226254,0.4026232442295881,0.09076150314392456,-0.28822737381822644,0.16743705968818795,1.0,-0.30464881980635977,0.25243608920567484,0.014428164936794208,-0.02458401100069469,0.028911331602104143,-0.0316997248096773,-0.3197312256970787,-0.07859572920928964,-0.06300747293259945,-0.4393135819212657,-0.07915643444106374,-0.08771970311512087,-0.017897264529728608,-0.012821865509908211,-0.42694887740423626,0.13344801390875793,0.124213892758852,0.3030546820906013,0.05073073536374788,-0.21555560065711274,-0.2020581408936579,-0.20352691213710894,-0.21794244004557445,-0.09076150314392556,-0.1344816847735808,-0.1229236292942074,-0.0741576813104632,0.015715156215231157,0.046820566289274314,-0.016216154620164763,0.034656227496418585,0.018430521856986473,0.016878231122574788,0.01193564256981463,-0.013305912785293859,-0.2211088520575563,-0.2696276063996631,-0.13642652708840738,-0.3295606885730828,-0.22195104761839854,0.23578729179420574,0.16121004086454074,0.21049752976634203,-0.022522080311717468,-0.004870403699318581,0.056394900802283,0.06161320986192078,-0.12305751986933713,-0.12315905762264341,-0.20322819632009576,-0.20248719001244292,-0.20174087885871286,-0.20095849877748745,-0.21757597861608027,-0.21648444424938787,0.16780294213979988,0.16801055690124492,-0.024220272907165045,-0.024371330721373336,-0.1240474977358259,-0.20010050681810299,-0.21525164383036496,-0.0500629743905477
u10_era5,0.07332720262851039,-0.03816027042220517,-0.0003571406659756653,0.02547017275951318,-0.08689128169351182,0.053425459225668374,0.0052412217556763625,0.06499909482970316,0.047653462751617595,0.012548085421598918,-0.1468686408687616,0.1157253398844075,-0.44806886510427857,-0.04155278928725317,0.25944908977515607,-0.1536171331289194,-0.30464881980635977,1.0,-0.5142569803279877,-0.0851917049175911,0.043039236499416836,-0.030001927602187253,-0.07313289670290964,0.18995738896507694,-0.019280468281487727,-0.022729959431578437,0.31411946973912486,-0.01980512632902751,-0.021079038226602363,0.10038177673209218,0.13543655401672008,0.27143419267634944,-0.17122405880622138,-0.17264997934156837,-0.24466707130920906,-0.23855311390566872,0.030505595555086706,0.06440944327057314,0.05468646375211499,0.02103226088867925,0.041552789287253304,-0.012004276968666733,-0.019390715716376905,0.01784266345500382,0.024319146918906086,-0.05344832193263481,-0.06643821375387794,0.017566331850707564,0.02003206507820955,0.05417948630803752,0.11846414776542841,-0.034164717607345026,0.14430242020224104,0.2815579833348768,0.07512346211354078,0.31125552789637584,0.290776619354412,-0.2952120752198818,-0.32356235122337557,-0.24201976625401656,-0.20422469078554195,0.15923460130613237,0.04477630344975157,-0.007931587628246724,-0.01970260584855201,-0.01933412863522427,0.05417298472925541,0.05500839528551873,0.06386788690323789,0.06469209276549802,0.02084118929800137,0.022136120261161497,-0.15655468244686355,-0.15866617722799328,0.03827889259954795,0.036374485047862073,-0.020301103293552926,0.05232673927916399,0.06624801405531522,0.04539545681140917
v10_era5,-0.048523760607815415,0.039332404882814004,0.04619931968719341,0.00282128668392009,0.05717234964032365,-0.03777448070189016,-0.008993103511295288,-0.04857457730284767,-0.13370295579020353,0.028066965211393298,0.21084610130364892,-0.13747811095917917,0.4013544924894908,-0.12649174400418747,-0.2974355296712021,0.1321070470160201,0.25243608920567484,-0.5142569803279877,1.0,0.06140930537676793,-0.12437247567056889,0.0213116784298661,0.027862624734395557,-0.12981060252972618,0.0009924234773030403,-0.028467621337335592,-0.24728914527413473,-0.0003292129705405947,0.0003149483187603845,-0.07913624202478654,-0.02399109377067754,-0.21400641239006316,0.16535800862981476,0.1705929118345522,0.2976359676626828,0.11303686286084783,-0.006774138141235198,0.004769242979688213,0.0070748429906947715,-0.020939150863624013,0.1264917440041877,0.09705520840636186,0.008832492837801052,-0.023928540972932635,-0.03866788996944802,-0.0011335120874029084,-0.00291931004012302,0.005603976440522133,-0.03905730151303901,-0.014529716394224202,-0.05406974998433589,0.20961219109088217,-0.13632894434537807,-0.27457605581735856,-0.06565718052176679,-0.3174793577258394,-0.2678117319447818,0.27212853007721594,0.6793547579636147,0.0994790694469654,0.06408701139618023,-0.1837046988499909,-0.09202948935047062,-0.1463664493469781,0.011232167609969274,0.018235591233881004,0.008265476042464857,0.012377663744897325,0.005903252341162991,0.009898974694484915,-0.01944865766252891,-0.014003816855763351,0.1308919485896219,0.12873659211307115,-0.11622289323982389,-0.11337316056743459,0.02082278917390578,0.014705367088952636,-0.045574200672051896,-0.13893681162845245
wind_dir_deg,-0.06561556186761928,0.09606633662098125,0.07370145062427773,-0.11091596248782579,0.7387138654620786,-0.4065687987156484,-0.08049919357021568,-0.016479900800983494,0.01247618699786977,-0.022866656055726,7.075458543023617e-05,0.0018809573648632147,0.08976887709393865,0.04435938215133356,-0.05840441409313061,0.058827354229507,0.014428164936794208,-0.0851917049175911,0.06140930537676793,1.0,-0.03151678167553806,-0.1199604486023422,0.0009562590840799862,-0.007213036713550012,0.024999610643637735,0.038018638408621436,-0.026619376477549212,0.02302121664982788,0.008206847190089066,0.0257367214109848,-0.0507192657904362,-0.02522833312460857,0.04384968756761244,0.0426189715503637,0.0321982858993929,0.0336042005196764,-0.023521471614598922,-0.024571906498650282,-0.025030191733196375,-0.025011665233262852,-0.04435938215133262,-0.00511644346683018,-0.0063434896720575805,0.006624309455805434,-0.017134669286828618,-0.018792811132361652,0.026396386751885353,-0.018264543873548027,-0.018898951083687224,-0.023344329812199856,-0.011187182758409124,-0.025075829394304038,-0.01648444049121606,-0.07869544265055592,0.000890166283987439,-0.0760230071070483,-0.020728498133346842,0.019341085465805905,0.02671753121038436,0.026424077380064376,-0.01398740960005047,-0.02012480212281293,-0.010367270154678894,0.038139534496201666,-0.007230209889704031,-0.009157506951935625,-0.025118839313380284,-0.025289440770102426,-0.02464402124079276,-0.024763104000790754,-0.025301410914521667,-0.025567465309456732,0.058884952426278885,0.05903982384915068,-0.031090293666870134,-0.031064331366084427,-0.009901949591953531,-0.025671230528227094,-0.015911071814647022,0.011800085737337634
wind_speed,-0.06817129515496578,0.0957224994672154,0.012076120072080735,0.02250223299134353,-0.04216565464191361,0.03252018291656793,-0.04529074454528057,-0.22961359764871395,0.06947191288761806,-0.310618445934352,-0.3025992529421384,0.29592709831099545,-0.06569980449709087,0.08053578789043823,-0.10307725783250718,0.12767094702040102,-0.02458401100069469,0.043039236499416836,-0.12437247567056889,-0.03151678167553806,1.0,-0.19394453907816628,-0.12186312355091942,-0.06697641125611724,-0.21330189280291953,-0.17530309569505223,0.04137088135099613,-0.21184766298408667,-0.21123280986048276,0.046639247755635126,0.05438359409455532,0.011452101840357649,0.0941178851249431,0.09468970001391494,-0.08447128145024335,-0.18601633714984392,-0.3204642482340129,-0.303083692908432,-0.31060677734811465,-0.2828738112904208,-0.08053578789043835,-0.29767451082689605,-0.308841944701369,0.07793010616695509,-0.08156507153602628,0.03986118769312147,-0.0585237124884748,-0.008286644991434257,-0.07740922338717939,-0.03171334050333635,0.12003172651805499,-0.05775592556911884,0.10295349547402322,-0.0993479947679591,0.11987764972592165,-0.07439464638851805,0.24357431442310573,-0.24220412363709662,0.08145349568877396,0.022014252768313133,-0.15131906954710678,0.6142747545170312,-0.07862370588592582,0.06745536075192513,-0.30948829304147707,-0.31028179170525966,-0.31123002280810746,-0.31199600031462194,-0.30371443353532834,-0.30453854285391396,-0.2837329365920324,-0.28542225927483955,0.12661464909946335,0.1261559702285993,0.9160810252237701,0.899039892265565,-0.3160881293778435,-0.31678590459214373,-0.226595821241233,0.06802700310240807
HCHO_satellite,0.05408095832905455,-0.05826581653070133,0.0012116304930807845,-0.09564491356296073,-0.04101457337832005,0.028047969812227954,0.047750796780944016,0.022674525478870486,0.1688685205567945,0.03324814197522238,0.15545285688700256,0.09270596070893429,-0.02865873011873866,-0.004289447705770795,-0.08025989671209788,0.05513988279949116,0.028911331602104143,-0.030001927602187253,0.0213116784298661,-0.1199604486023422,-0.19394453907816628,1.0,0.9252680750355899,,0.2963206146616361,0.29850704280851287,0.050921702405096324,0.30007845523734805,0.3140273222438721,-0.3699182747955917,-0.31107770017372166,0.06089432382352434,0.19455835159706925,0.21023663041528998,0.016927183106958118,0.07680077960529569,0.05297161134329757,0.01768005144978226,0.03140315412070302,0.001818530282269738,0.004289447705771534,0.0525643950634655,0.03339846074324757,-0.07647300655310091,0.06167134435656985,-0.012664722019733697,-0.09108528335595237,0.08170908894388342,0.059005429269696846,0.1212463454204509,0.09706540550461047,0.08853543420010117,0.006059947813823789,-0.09093111299889263,0.017935819398215137,-0.09341701300120582,0.09072014299251624,-0.09268620857821926,0.017005434361962387,-0.02343993482301616,0.02746264079088538,-0.07536367262636162,0.019381851255777273,,0.023968985100643107,0.03291947653869931,0.0202356430843225,0.019585668703254625,0.005862960649198182,0.004801143812005905,-0.005869787338528475,0.0028830342051861966,0.053376314296911184,0.05224361541545674,-0.19573016914090352,-0.19685580339419873,0.017049424429753473,0.004481076608067942,0.04000884952535088,0.15913420283162225
HCHO_satellite_daily,0.0017515708779234688,-0.029186390227372568,0.036926689524172454,-0.049187604913961507,0.004785077633137622,0.005155619684680104,0.00448944758079006,0.0890133312677344,0.09132045176027262,0.0727901878967416,0.1560497570563739,0.03186007897746974,-0.004132278644011559,0.01725060344138844,-0.02026934359964702,0.05724104389488181,-0.0316997248096773,-0.07313289670290964,0.027862624734395557,0.0009562590840799862,-0.12186312355091942,0.9252680750355899,1.0,,0.294353371822564,0.31048298707904826,0.04963169578732507,0.294353371822564,0.294353371822564,-0.31323440094658317,-0.33506952059319933,0.0670563255188522,0.16176956924530636,0.16956796384534714,0.10139580830126993,0.17624372860636836,0.07500200644044017,0.07853926253113731,0.07985330979291155,0.055284891736647045,-0.017250603441388103,0.0710072902134305,0.0637789435808811,-0.09341637446599353,0.04584502509007383,0.011694536331748826,-0.002484538478410807,0.08353690904201788,0.04574379905313972,0.11980257966986634,0.0004915075862061551,0.0022290516950300753,0.0005268721305138219,-0.06948638767709417,0.01678004781481233,-0.07534435537497818,0.08031709432648247,-0.07963363489476233,-0.014168234286572011,-0.03280775404240277,0.021589397201363873,-0.020598364249455593,0.0027324247432059,0.007174476107791847,0.06377493432311453,0.06358252922542368,0.0798426514511075,0.07947695642822827,0.07852772815764207,0.07816055956293565,0.055308878999397994,0.055005384140665914,0.057200650982968816,0.05718165125122924,-0.12171622175000288,-0.12132940970711639,0.06519767326509214,0.08039190207908066,0.08933173619293536,0.09152587527588607
