,NO2_forecast,O3_forecast,T_forecast,q_forecast,u_forecast,v_forecast,w_forecast,NO2_target,O3_target,co,hcho,blh_era5,d2m_era5,solar_elevation,sp,t2m_era5,tcc_era5,u10_era5,v10_era5,wind_dir_deg,wind_speed,HCHO_satellite,HCHO_satellite_daily,HCHO_satellite_flag,NO2_satellite,NO2_satellite_daily,NO2_satellite_flag,ratio_satellite,ratio_satellite_daily,ratio_satellite_flag,aluvd,aluvp,aod550,bcaod550,pm1,pm10,pm2p5,so2,SZA_deg,no,no2,year,month,day,hour,day_of_week,day_of_year,is_weekend,hour_sin,hour_cos,month_sin,month_cos,day_of_year_sin,day_of_year_cos,dewpoint_depression,relative_humidity_approx,wind_direction_rad,no2_pm25_ratio,pm25_pm10_ratio,blh_wind_interaction,solar_elevation_squared,is_daytime,no2_lag_1h,no2_lag_3h,pm2p5_lag_1h,pm2p5_lag_3h,pm10_lag_1h,pm10_lag_3h,so2_lag_1h,so2_lag_3h,t2m_era5_lag_1h,t2m_era5_lag_3h,wind_speed_lag_1h,wind_speed_lag_3h,no2_rolling_mean_6h,pm2p5_rolling_mean_6h,NO2_target_rolling_mean_6h,O3_target_rolling_mean_6h
NO2_forecast,1.0,-0.591176523651046,-0.1925240314668314,0.06497922306782002,-0.05141276021242094,0.013656380136929644,0.2533933293862726,-0.058283583342644614,-0.09193190352392308,-0.016698491834339243,0.010971306856740864,-0.03939263895678246,0.08317544350417992,-0.01913647617395452,-0.06956105729797106,0.009273673006409128,0.09052272066142023,0.026504012651099064,0.03540328799627838,-0.014813254997073744,-0.019628271121176436,0.08397742851979821,0.0665186378903192,-0.06991030085724824,0.027066127496877604,0.002628498507151892,-0.052490716297042564,-0.05677044999611185,-0.009522333561186166,-0.046670935304722085,0.044694536083277996,0.042558363318601244,0.09521254770453755,0.0012311851494531702,-0.014069350642020532,0.004317935450008605,0.0054730409857861595,-0.019864414275301362,0.019136476173953552,-0.008296636635608161,0.028760601983492055,-0.015048372508812888,-0.021775214528406923,0.042474465895286875,0.021078245426766284,-0.053994167851685156,-0.018805838825531516,-0.016598592037817224,-0.03596967475880364,0.04224657808288507,-0.03285373547541996,-0.08739057947248045,-0.011098727505719117,-0.08601558041509598,-0.08823757809271955,0.09062664439648974,0.03277972067918952,0.03563164974498854,0.061201111993161784,-0.030939211722224958,0.012348788739402022,-0.02286540086824593,0.02948217003579963,0.031176793296183405,0.0053487036600550234,0.004202240036839485,0.004185526003222978,0.002997237385835473,-0.02003981681489409,-0.02108240374702538,0.009178380567434247,0.00906188105225897,-0.020025333004782243,-0.020842090188200543,0.0333672825071595,0.0078836128391473,-0.060604772397827134,-0.09438334124669503
O3_forecast,-0.591176523651046,1.0,0.350997303713513,-0.061484652802902565,0.1230432685148632,-0.023935317749407867,-0.5038293491657179,0.07718673076450142,0.17047502806787926,0.0018601409470953942,0.03896579737549255,0.04185463437567906,-0.033628246392597635,0.03205826513433241,-0.04660048085630275,0.05914521698533631,-0.09206014410527238,0.0023345919014176784,-0.0022946066440125536,0.06987545482437794,0.04971255412386784,-0.08545907236515157,-0.055939753966284304,0.012962857503982652,-0.0026966934971752927,0.013399650128531258,0.1301811681732016,0.009984633674737417,-0.018928208129809568,0.12325688306670525,0.09850589038817595,0.10201465353497921,-0.100181387789239,-0.04334756518418954,-0.0036724070565079597,-0.014584678889637305,-0.013590074510106704,-0.0030134484147943145,-0.032058265134329134,0.02174200436176675,-0.03583034821074045,0.17903772839421891,-0.10038551910785005,-0.03819673519238663,-0.006107266273598868,0.01993370893930348,-0.10388092269500712,-0.014752539139256785,0.013812413754579327,-0.015644428644823766,0.13286166642003241,-0.07252993420516346,0.15231604410373348,-0.042976702876122146,0.12767721817239588,-0.12788073193333793,-0.003391358574103143,-0.022183028729517253,-0.010755907405487949,0.0380763459679165,-0.014829321402267035,0.023060596178922935,-0.03588813925088176,-0.035445203430429874,-0.0135113597823608,-0.01272009418795793,-0.014531896609441625,-0.013850040653686092,-0.0029382133903345124,-0.0019100650499303661,0.05892491273632716,0.05838414102478503,0.04970575857840333,0.049814494723672664,-0.03864597380584928,-0.011572907901451122,0.07957481553582953,0.17534672140437432
T_forecast,-0.1925240314668314,0.350997303713513,1.0,-0.006573844709679342,0.11182731360767122,-0.06094701986482677,-0.22370996107684726,-0.03709793819820369,0.058109796877380056,-0.006122853488697197,0.009161985101373182,0.019442471548676548,0.0067937431668109475,0.00358837612593182,-0.024955983236549614,0.018472811643945795,0.023796043230142144,0.019300150950013268,0.02723208763935017,0.10211143417178001,0.035978295963420975,-0.06215411165308607,-0.08421407272801305,-0.033983890971979604,-0.01260775760309087,-0.055752994064354466,-0.0203652738622719,-0.0005903742112457747,0.020444627064995387,-0.009608284497379382,0.06388005926060157,0.06932675256931776,0.07065644807714874,0.00012212558230443422,0.007057501063857471,0.0238428631407182,0.02252394185134041,-0.007952162036213718,-0.003588376125930125,0.019063536571348974,-0.026614826964502653,0.11637426911590992,-0.0729358582817556,0.0775154625397418,-0.007638215285083342,0.04716168464974571,-0.06587023427564187,0.016384053404429753,0.0020202217086960996,0.011685748855234934,0.07332226533188521,-0.07665655855761232,0.10631248142492597,-0.04243066298565875,0.018706809898765227,-0.016078193947361985,0.016532683464792162,-0.048346945017384374,-0.06721003256865783,0.021771756886198774,0.0026184628240188347,0.0014590951964354006,-0.026539535380165777,-0.026432199073056085,0.022426453063320438,0.022002520563178928,0.02374021277364841,0.02334487389487408,-0.008040787201268398,-0.008773217862433671,0.0186814200026815,0.019010203746780262,0.0360398244147021,0.036572791937938276,-0.028671725578033016,0.015194596473277972,-0.03892479893670202,0.06078226074886374
q_forecast,0.06497922306782002,-0.061484652802902565,-0.006573844709679342,1.0,-0.1535194172401362,0.16948171147950786,-0.0671938771069143,-0.04720807135552688,-0.00599115709883288,-0.07873576549921112,-0.07826224641496098,0.028762257199739766,0.09898925303120618,0.03560271826349117,-0.10317622653441469,0.12273421331859309,0.012982157239098131,-0.005266692452267779,0.015712229487663845,-0.12387458855323116,-0.007542740443365495,-0.05598850018851911,0.014005719119095626,0.08335968170204498,-0.10146391803109538,-0.07229328968890673,0.06775542101091082,-0.07803037497564785,-0.09169655512686244,0.06903031136787957,0.08584209478398205,0.08185420199918586,0.10081805410879045,-0.11403031455037078,-0.07206898382885553,-0.025342293387069996,-0.028768602916374654,-0.05467546484527821,-0.03560271826349253,-0.023635518613600158,-0.044618236733390965,-0.02362175125324116,-0.11961667430292125,-0.010912640223045928,0.0020603857154402106,0.017508119670608578,-0.12145193380787861,-0.0017068168661329662,-0.0030269162906151875,0.0004958825978495033,-0.035652714619253456,-0.13981678161385488,-0.009216097789312946,-0.14784326918483232,0.058377250633724176,-0.05781960653097443,0.011911551328894845,-0.0180680912372708,-0.020602757151023197,0.021831811830785388,0.005455302740383875,0.014145066641646546,-0.04462378640640062,-0.04433784388345801,-0.02875320083692654,-0.02809778628068854,-0.025323426003744095,-0.024684202566185618,-0.05466924652504344,-0.05399668696722725,0.12239455942462185,0.12169865946179928,-0.007382335814187714,-0.007084167821406705,-0.043038386294938745,-0.03132017529824317,-0.04893676561264176,-0.007174158972744231
u_forecast,-0.05141276021242094,0.1230432685148632,0.11182731360767122,-0.1535194172401362,1.0,-0.5044876714255243,-0.07108721982680033,0.05671919879981976,0.08283716323906744,0.024199144944648556,0.0410544041259906,-0.01925090351893483,-0.031100767610712222,0.009034839293774601,0.014810588103586396,-0.01609753956313129,-0.034396168816524526,0.02334232571906487,0.020195223756123735,0.7527002155077738,-0.02808041402690298,0.10814383686995918,0.0353752334307609,-0.021654965463796163,0.12698394304107286,0.07018188095061478,-0.0016348879286310772,-0.05457844924615998,0.000495784277559553,0.0051809343006573964,0.03196347663795947,0.03144461897768208,0.02657758032947927,0.06803139235917398,0.03976298490180521,0.04048875762646597,0.03973634062366998,0.026809432058666614,-0.009034839293773963,0.003872383208098832,0.03339582118395405,0.03153593787273539,0.015060320049599403,-0.006831901351002647,-0.0009277550045005929,-0.0014178120324684102,0.014377207587172747,0.029987158455920482,0.005831323398118673,-0.014455798561407104,0.04512725014147277,0.01025369842508458,0.03199962269757135,0.027641458687092942,0.014518480850445584,-0.018084412479709145,-0.011254382085573398,-0.03973418515855984,-0.02703413742780271,-0.030801865528560395,-0.03620675637557784,0.015142264724858866,0.034612861646032674,0.038543549375577246,0.04053225484023202,0.042516173424310376,0.041250482851459006,0.043057624621695996,0.027660070144768407,0.030913872090947297,-0.016605547870680498,-0.017351750034639978,-0.027024421954756173,-0.02489853952923889,0.03262014356712341,0.037769294715298,0.05857968898697395,0.08721926088804313
v_forecast,0.013656380136929644,-0.023935317749407867,-0.06094701986482677,0.16948171147950786,-0.5044876714255243,1.0,-0.00040601497821229866,-0.05959408336677132,-0.05970658319952066,-0.033828537512052496,-0.027048607184434754,0.028324422991411895,0.025272993033111115,0.027342149681628455,-0.015051086103273575,0.03422202360571107,0.012329565255106823,-0.02407046486679761,-0.03849313717788542,-0.4199128105429492,0.032810405546808474,-0.04558637539887443,-0.034018283322812364,0.03813987969549784,-0.1380482417740327,-0.0659207171833235,0.03146166883645887,-0.09509345056959717,-0.01497251852299907,0.02360954170929127,-0.005350818334617756,-0.008880324722752363,-0.062256638895311175,-0.07692117836532457,-0.05552541094691709,-0.05849169890233876,-0.058187378789779684,-0.03512749244773262,-0.027342149681629135,-0.01882139186747757,-0.04000877246216746,-0.025579921553551422,-0.02482046921495036,-0.0024676808521835623,0.012804705480911673,-0.004679708450647999,-0.024832536827892313,-0.009918958622812337,-0.008488347668217872,-0.01971703258266188,-0.01668358885966381,-0.020064692221603928,-0.00845238260257794,-0.034557442005952635,0.019126982957756906,-0.01755429441370054,-0.015106935021926761,0.05814525941683258,0.018498697036764846,0.03386426686190498,0.018076923267640183,0.013624156965495252,-0.0417224771008722,-0.04652207618832704,-0.05865564047043553,-0.05831543421733671,-0.058914054519131544,-0.05838919233427507,-0.03533484909787073,-0.035704578900115115,0.03499695699062559,0.03661064301324801,0.0337617567309205,0.03544285716592799,-0.04199687614428701,-0.05608198712827713,-0.06087911828249055,-0.061419262389599875
w_forecast,0.2533933293862726,-0.5038293491657179,-0.22370996107684726,-0.0671938771069143,-0.07108721982680033,-0.00040601497821229866,1.0,0.01774021867772232,-0.15509911741165164,-0.0012616648718385094,-0.04632185428947224,-0.0732620382123451,0.1313529628640453,-0.04007597826390353,-0.0010003720733257008,-0.03852567863703415,0.09745869156223351,-0.10258345646146139,0.10333859616743594,-0.0660419070812727,-0.07898177948590246,0.07257261889768185,0.019029765563432055,-0.013999650040690058,-0.05346991216811669,-0.05261041354602741,-0.15817596852499513,0.03056203088244305,0.02968614777783892,-0.1533344007174024,-0.14950987923911893,-0.155068753930989,0.03916492498492215,0.0140336418687576,-0.006495353351927534,-0.014375282134842876,-0.0142811071887885,0.009377456894689487,0.04007597826389918,0.002829473303434822,0.011229895569425595,-0.42743217370891895,0.16792356731660849,0.03298194374463696,0.00327840195354666,-0.025291725345277842,0.17116756274787587,-0.002665459699590169,-0.01660865034293987,0.020789001961655132,-0.2516294293874281,0.09407000635655985,-0.2694147968197232,0.029243497484820843,-0.21712572445869927,0.2187638174995153,0.06209308094951575,0.0562552481954462,0.03307543099779799,-0.07800863721695693,0.0171036232640868,-0.029039846637438742,0.0110610707002836,0.010788675505021338,-0.014547987208932385,-0.014178617368195711,-0.014633987408985394,-0.01421600670635324,0.009433679504554841,0.01033027770557794,-0.03844996762510501,-0.03813671033775148,-0.07891528035432555,-0.07824634602125409,0.007239699150567073,-0.01706068566280214,0.01767476064047087,-0.15948881647342403
NO2_target,-0.058283583342644614,0.07718673076450142,-0.03709793819820369,-0.04720807135552688,0.05671919879981976,-0.05959408336677132,0.01774021867772232,1.0,-0.310560956857662,0.5069736611622373,0.36454199465715253,-0.45916986593031495,-0.24299590077992209,-0.08735335671050895,0.2628363005513905,-0.3451572866925435,-0.2130205782299831,-0.07755952075547719,0.08733266932096057,0.0395508015736102,-0.24739708678341732,-0.02751754868715296,0.15911728563391908,0.08563131359342627,0.18118077877973862,0.20585806486179692,0.048185002331833725,0.07684007739320345,0.028272600051473404,0.04191378882366495,-0.1786500887143554,-0.18449879204720926,-0.027206951389932114,0.29494749908915346,0.5677529842227113,0.5305704611963358,0.5388637126596956,0.5582616387297547,0.08735335671050806,0.3979830440158028,0.5399119576730138,-0.15799768776136866,0.13301053660909856,0.005771759609793099,0.22685555286952636,-0.06499638380077133,0.1348627466298377,-0.06498404514297994,-0.39958070471935514,-0.0010961563582602394,0.04660314875267852,0.31798195507137084,-0.04638795636205259,0.32165976013534914,-0.2074801797420043,0.19587620883976747,0.04526101676097058,0.029453831073720717,0.15138812473058252,-0.39390178929113073,-0.07029046735146843,-0.03236859298613257,0.5387045919815113,0.5040424444127252,0.5349970854534659,0.49774516966591464,0.5265677937888302,0.4892034431556961,0.5521388869170795,0.5148645031136316,-0.33250421048037154,-0.2990723497864077,-0.2483536948180029,-0.24187267506819646,0.524756280788345,0.5166693405528048,0.9360834279241923,-0.23325907614806493
O3_target,-0.09193190352392308,0.17047502806787926,0.058109796877380056,-0.00599115709883288,0.08283716323906744,-0.05970658319952066,-0.15509911741165164,-0.310560956857662,1.0,-0.35606224095488,-0.30455413879435156,0.5815620830429291,-0.06708581978262669,0.39085634313265855,-0.10559537241951214,0.3762456216289747,-0.09813811477441012,0.14006906261546492,-0.13472638684272117,0.08085805908133781,0.12674704733414324,0.20271431467372897,0.06520234784889799,0.02410390912521752,0.12350094561163526,-0.006324225696791396,0.09943775832574686,-0.02416278382663074,-0.016914041648661466,0.10446601655460525,0.1979149253629874,0.19956872642701237,-0.01942452164286272,0.0577951035405558,-0.3550700474158168,-0.3471815504388438,-0.35062550243917967,-0.3970192790944982,-0.3908563431326565,-0.32377701231251754,-0.4349543650515728,0.20580749232576845,-0.16115074687560857,0.020064263042472535,-0.14419544110876,-0.002549987213182732,-0.15960998290016495,-0.00792750944770214,0.3958308098145544,-0.37228193875562743,0.20341719865771438,-0.13951406295349833,0.2320055487052941,-0.08315335476726538,0.6324827625227145,-0.633537546550335,-0.07490715496410791,-0.21919505124971897,-0.0902908606982945,0.4284424881542571,-0.05455099458766349,0.3426225683116553,-0.4459300944171119,-0.4548828533249303,-0.35395378638527025,-0.341829966935162,-0.35019885372859744,-0.3370768501735232,-0.4044206580746231,-0.41399812931183655,0.36643750670704855,0.3320338352246074,0.12711159517344972,0.1213324454212313,-0.48115302248535485,-0.37242137346773724,-0.2899153695061222,0.9407359116946319
co,-0.016698491834339243,0.0018601409470953942,-0.006122853488697197,-0.07873576549921112,0.024199144944648556,-0.033828537512052496,-0.0012616648718385094,0.5069736611622373,-0.35606224095488,1.0,0.7462630517296199,-0.4665532206934636,-0.44737626365824895,-0.38704513850007755,0.5009058576314187,-0.6323657775457647,-0.205828230552921,0.016279831384083863,-0.054875737536409216,0.004326373600580344,-0.3249087629157687,-0.05530543484754066,0.13166182207062158,0.07198708207765062,0.3377079884461326,0.3202894234679439,0.06713486839555018,0.14947121622639034,0.047345298934652225,0.06247923328436576,-0.35042049892876803,-0.34743816726945054,0.009376556078575437,0.3273611623761008,0.9636837012560729,0.9277006842074664,0.9322705064704896,0.8937502847400856,0.3870451385000752,0.8968841793066286,0.6130064377671706,0.01477158427650858,0.16275835128366173,0.024686730711046056,0.15991531888937024,0.0034546575447956134,0.16635787400069654,0.011237230377069017,-0.36055472695069746,0.26397107172346546,0.16364737502222704,0.49332369122869235,0.029999526890439825,0.5231163207311287,-0.3740482200913846,0.374956770989567,-0.10666139628439408,-0.2235246784856379,0.058346540884877694,-0.3882582833817464,0.11371931846832142,-0.31903244001683106,0.6027023944032286,0.5930079045754663,0.9094464823052516,0.8784716483581193,0.9042618290722804,0.8720827283222989,0.8811428323639401,0.8836308583590337,-0.6295596822555017,-0.5938712291965337,-0.3217194723461618,-0.30649665446259156,0.6226793692103653,0.9137446012079193,0.5244082203510217,-0.32875094802684635
hcho,0.010971306856740864,0.03896579737549255,0.009161985101373182,-0.07826224641496098,0.0410544041259906,-0.027048607184434754,-0.04632185428947224,0.36454199465715253,-0.30455413879435156,0.7462630517296199,1.0,-0.4112191223523256,-0.16443481796488713,-0.49102648811835753,0.2526030293536209,-0.3731152484924829,-0.12648969772629778,-0.08872445077422549,0.09872491678790331,0.024049382022572622,-0.30770190995071434,-0.024207248735081257,0.16991979193452425,0.06320196780317029,0.17480521233394528,0.2265120814641584,0.048481580161163225,0.03433550458186505,-0.009083607228790657,0.050429687077397846,-0.06911487957267025,-0.06541924707166609,0.09390257104597315,0.3157675729435311,0.6859369931890377,0.6655997687177827,0.668313728986278,0.5843470732391688,0.49102648811835636,0.6712187612394703,0.45864968512861265,0.03251258293492062,0.1278293219017074,0.04410023380029776,-0.07283189529638712,-0.015717069196793748,0.13236911054451023,-0.0036750479964682593,-0.11404675326753662,0.46296608207510687,0.05037880733436736,0.19874867431161314,-0.0027167421657525465,0.20581731321783855,-0.3411069044658737,0.341556196262274,0.015145418131719178,-0.1283085710006159,0.037260803960402634,-0.3640865117695577,0.0023976393823193424,-0.4511756181796606,0.44907502785502995,0.48391222970828834,0.6659476310511927,0.6896979736891403,0.6626235741116987,0.68459234431247,0.5941231850145012,0.6534714359977469,-0.37745175635144024,-0.3824853412466451,-0.30880397404438814,-0.3124863174631464,0.5078763407811013,0.7017307439817575,0.4087703220029597,-0.335160988033555
blh_era5,-0.03939263895678246,0.04185463437567906,0.019442471548676548,0.028762257199739766,-0.01925090351893483,0.028324422991411895,-0.0732620382123451,-0.45916986593031495,0.5815620830429291,-0.4665532206934636,-0.4112191223523256,1.0,0.06824195571887041,0.39304781851736786,-0.24092483055072525,0.5239418993467628,0.012893056971640391,0.14817746510831098,-0.11135552638933885,-0.016331734939755854,0.3436104258583421,0.0704804298258591,-0.002503530114729853,0.011588826270185123,-0.13909922592124846,-0.082764287165005,0.026202399743715115,-0.09970264947088599,-0.04063154297792357,0.02878046775494119,0.2490861599782193,0.25068719293983543,0.008771004895870503,-0.07561724003674246,-0.5058843066182762,-0.4651097855917963,-0.47861599928256077,-0.5392979789953204,-0.3930478185173673,-0.37137039612418127,-0.6708514416884044,0.0700162016698805,-0.1108290195209266,0.0005882938508119311,-0.24499636071176198,0.018471883880164474,-0.11143993585575145,0.010333439081928051,0.5567099151942384,-0.35148014292386626,0.027462883706322327,-0.23088374214577845,0.09131549009996134,-0.21732054133010226,0.6828977882536643,-0.6673342218860338,-0.01577695537481675,-0.33355580912538474,-0.31230155771767076,0.8573635959405654,-0.06043703707175338,0.3559641878607765,-0.6730320769708968,-0.6474733337190105,-0.4761993507401016,-0.45018654826867577,-0.46246122722775673,-0.43591389511766354,-0.5392388881669419,-0.5268157868203326,0.5066271432083147,0.46076370086560264,0.3338880730873797,0.3125864528304033,-0.6730852196087987,-0.4645782843674075,-0.4435099899740824,0.5203178482947955
d2m_era5,0.08317544350417992,-0.033628246392597635,0.0067937431668109475,0.09898925303120618,-0.031100767610712222,0.025272993033111115,0.1313529628640453,-0.24299590077992209,-0.06708581978262669,-0.44737626365824895,-0.16443481796488713,0.06824195571887041,1.0,0.21317148505480174,-0.8080191505682286,0.736664909733344,0.38594818853403723,-0.42967049648043587,0.43201201286224367,-0.012198359845357361,-0.015607323878247701,0.048399330006879675,0.03671814965612224,-0.061046292967598,-0.2945520086736301,-0.32988122688351357,-0.20205738760645775,-0.14934313602602325,-0.1679669446883607,-0.18322119697218334,0.41268879918028906,0.4030590157329875,0.24197025876670897,-0.10819673998650425,-0.4520775395473492,-0.40499271726072356,-0.404765488855493,-0.354627858005976,-0.2131714850548042,-0.18504879283216893,-0.25810511084188004,-0.14205629295232564,-0.04291707175184406,0.017896166090966587,-0.0023078241703319746,0.0038793655672316055,-0.043337482009231584,-0.03193146041910596,-0.009733703609486256,-0.024366106897367724,-0.5882717814193813,-0.6931092090762868,-0.3858918821141175,-0.8220434828171113,-0.14636195023214904,0.15776404925693674,0.2902865909303546,0.2524947953046702,0.058233853889884134,0.03608413340420543,-0.02908511236593825,0.11016423329994357,-0.2609615528598287,-0.2668249374609768,-0.407120885613459,-0.4122633334354299,-0.4073385529328119,-0.4124452615091032,-0.35806349651848374,-0.3668206352698919,0.7385142231346228,0.740400244911959,-0.014263584746762429,-0.01289779758289023,-0.2734863676615163,-0.4120074448742547,-0.2605319861587282,-0.06263506027983512
solar_elevation,-0.01913647617395452,0.03205826513433241,0.00358837612593182,0.03560271826349117,0.009034839293774601,0.027342149681628455,-0.04007597826390353,-0.08735335671050895,0.39085634313265855,-0.38704513850007755,-0.49102648811835753,0.39304781851736786,0.21317148505480174,1.0,-0.3129585302214541,0.5059506383726656,0.06800110147787819,-0.025606185186862716,-0.07568888384943923,0.014917625607538093,0.08933235463449789,-0.07084933184550797,0.005440681810238129,-0.021316248037507753,-0.23384086585325778,-0.06869727649511218,-0.02478960060414265,-0.14499950941457618,-0.03904116059880561,-0.019887808407537986,0.19209745255130728,0.19364287364052216,-0.004145304429910699,0.02064140491334489,-0.3247026829633468,-0.30233937193998817,-0.30184641184215655,-0.2901565466762165,-1.0,-0.3401941848395309,-0.284973210519117,0.0369405189700937,-0.10655638278509841,0.008469735681824159,0.1933833783096969,-0.0004727281101611817,-0.106604593756236,-0.00627283147591944,1.6652789613687668e-16,-0.9616553805208863,-0.024016594203190248,-0.2518157262835254,0.04764457584239645,-0.2520555911451901,0.47919271364582566,-0.4851756794036054,-0.06072283325320997,-0.009998975698065621,0.023135199266278418,0.299107787485611,-0.07223746177617546,0.8559567514339236,-0.31634913073659976,-0.4465472148861343,-0.320009156464143,-0.3901962240596544,-0.3198502264389646,-0.38703025999456014,-0.31782788698122605,-0.4315942038396424,0.5208066889482101,0.5382643955200487,0.10077719097337069,0.11920120573754533,-0.4480683185135034,-0.3958651309514454,-0.16376505364405244,0.4584390986135669
sp,-0.06956105729797106,-0.04660048085630275,-0.024955983236549614,-0.10317622653441469,0.014810588103586396,-0.015051086103273575,-0.0010003720733257008,0.2628363005513905,-0.10559537241951214,0.5009058576314187,0.2526030293536209,-0.24092483055072525,-0.8080191505682286,-0.3129585302214541,1.0,-0.7976094368732055,-0.3423963972092627,0.24801868474674363,-0.3419133990399367,0.006692944341082435,-0.12710685516405887,-0.1549974489893399,-0.029982685267147657,0.10259208843282833,0.16607428639251684,0.2616236567813781,0.15292150129292023,0.17813002390827853,0.17895455093314105,0.13599804075588598,-0.6412532967447314,-0.643225146981296,-0.24495918890695223,0.22975328507644757,0.49910628782265437,0.41834834154211775,0.42150306170697993,0.409689260441278,0.31295853022145126,0.2166156276647562,0.30748345574013064,-0.0110707870005713,0.23540390552474147,0.006602229803234474,-0.049113820274586585,0.02660490788650399,0.23856160291716152,0.04418243388498967,0.024997235997561665,0.08386660584560435,0.3151384747903466,0.8656537853197237,0.059032244826698325,0.9291347804182057,-0.17692917765362645,0.16040262919822565,-0.23354515203847814,-0.19880313678926886,0.011564335535857478,-0.23058037273924537,-0.03316022950402815,-0.2748486882104958,0.30716858579072603,0.3141811163010554,0.414430238316645,0.41148749408009194,0.41074801560195007,0.4069932059473749,0.4114470284434986,0.42099765141185785,-0.7989732278358647,-0.8063839139864808,-0.12852324886924787,-0.13202314686576935,0.33673112130812105,0.442286244903627,0.28065578548129927,-0.11621899692798655
t2m_era5,0.009273673006409128,0.05914521698533631,0.018472811643945795,0.12273421331859309,-0.01609753956313129,0.03422202360571107,-0.03852567863703415,-0.3451572866925435,0.3762456216289747,-0.6323657775457647,-0.3731152484924829,0.5239418993467628,0.736664909733344,0.5059506383726656,-0.7976094368732055,1.0,0.15245423220435395,-0.13029654772797367,0.16851279361259014,-0.0014507302766929742,0.15884393604099314,0.13042653009456617,0.06636475284026659,0.043871408134749254,-0.283718587552002,-0.3080570455828633,-0.015450813386963655,-0.20652562825116538,-0.17399085532638428,0.00019736947092133058,0.6041366023245113,0.5914941971667061,0.09193929408321393,-0.147422369023335,-0.6365704601421793,-0.5804626747072312,-0.5847118525775314,-0.5521238001690107,-0.5059506383726672,-0.3559959581652502,-0.5251060295507748,0.04581317823098592,-0.18334923633016686,-0.017859454032410724,-0.08600145557855715,-0.014149298272229884,-0.18727462408358012,-0.045254784424689276,0.22250210662737865,-0.3209369663887728,-0.31132991586264347,-0.7447430549971163,-0.10179369542562255,-0.8056637250297328,0.5611556833821553,-0.5502269404565903,0.14019200617919905,0.05040729141536354,-0.06793537074895828,0.43699248958313297,-0.06328457381699445,0.37630632094159094,-0.5257351281852606,-0.5421729773277945,-0.5852225247172483,-0.5879089249409102,-0.5809040186398831,-0.5828311463535893,-0.5545394074780865,-0.5747043106032558,0.9931768353980466,0.9746068033016755,0.15801200394840262,0.15568259943906126,-0.5657664069968344,-0.6021367304756894,-0.36945893989001727,0.3719545284233892
tcc_era5,0.09052272066142023,-0.09206014410527238,0.023796043230142144,0.012982157239098131,-0.034396168816524526,0.012329565255106823,0.09745869156223351,-0.2130205782299831,-0.09813811477441012,-0.205828230552921,-0.12648969772629778,0.012893056971640391,0.38594818853403723,0.06800110147787819,-0.3423963972092627,0.15245423220435395,1.0,-0.3507610152131403,0.3234214950388623,-0.03676282604759634,0.0062072268951924485,-0.05024708720964989,-0.054483600005296805,-0.25364662509081565,-0.08708963037194892,-0.0441656027534702,-0.3536242911329136,-0.03939554330454459,-0.03762807126959526,-0.34053671950559344,0.1213542000234569,0.12578887267866803,0.3226768690150122,-0.004416473349511173,-0.21588187273001352,-0.18465198720286544,-0.18630481636406043,-0.23920567622838543,-0.06800110147787912,-0.13500623877030918,-0.13615522812121222,-0.08590608525620569,-0.08041422397116728,0.06580629743968426,-0.050810986229632114,0.042825726173730864,-0.07552352533312742,0.024494133098467617,0.05182273365683245,0.019373480439763516,-0.1720447758474218,-0.3201978755792557,-0.06919684510383886,-0.35281043519769195,-0.24937350213849557,0.2631084466719168,0.1851543785621513,0.14115270867187243,0.01300190763168211,0.005103952952968615,0.06253829906723396,0.040648892384429355,-0.13874257919723287,-0.14302298667223984,-0.18697974195319328,-0.1857601971461523,-0.18527813814107555,-0.18390254661749883,-0.2396534477211581,-0.2366686433442329,0.15406646246663622,0.15619412598322913,0.007167821153305499,0.009039050594344551,-0.1410900103606751,-0.18281704056698775,-0.22308543043559415,-0.0961974373796313
u10_era5,0.026504012651099064,0.0023345919014176784,0.019300150950013268,-0.005266692452267779,0.02334232571906487,-0.02407046486679761,-0.10258345646146139,-0.07755952075547719,0.14006906261546492,0.016279831384083863,-0.08872445077422549,0.14817746510831098,-0.42967049648043587,-0.025606185186862716,0.24801868474674363,-0.13029654772797367,-0.3507610152131403,1.0,-0.5051893214084884,0.0071116815759376395,0.06271804696118419,-0.014144939872050281,-0.036563991567624424,0.09915534441053575,-0.028706383638151402,-0.03530638607072101,0.24228557679837942,0.03712285955818286,0.05565643377344175,0.23129961703739813,-0.03637956700466507,-0.035566692774467334,-0.17265276036188973,-0.15416935353297895,0.030158300266514004,0.0662978659665909,0.055679123980532826,0.010996438104135208,0.025606185186864177,-0.030186050889541086,-0.015847706315879714,0.127098319996206,0.03950851494013621,-0.13122356479009983,-0.06714655065050032,-0.05883202672809176,0.02791023851818774,-0.006447541467696866,0.11636804387829681,-0.0345304673452494,0.22727706609250414,0.22388257123957825,0.1566820651661894,0.2627843216976484,0.3352999958583843,-0.3410793491240341,-0.2918530407613395,-0.22330340912414878,-0.22132172039716475,0.18664714661490692,0.021587811591494147,-0.00012209268213473875,-0.01728794861079635,-0.013203245305317718,0.054989598453439294,0.0597029371722418,0.06559842385433119,0.06998060786550898,0.010906270971254099,0.017922646806793632,-0.13465642148627044,-0.1447520654282798,0.057940744857309386,0.05113422721876981,-0.021243716290302035,0.048517231469752765,-0.07005297033487802,0.12988673994952088
v10_era5,0.03540328799627838,-0.0022946066440125536,0.02723208763935017,0.015712229487663845,0.020195223756123735,-0.03849313717788542,0.10333859616743594,0.08733266932096057,-0.13472638684272117,-0.054875737536409216,0.09872491678790331,-0.11135552638933885,0.43201201286224367,-0.07568888384943923,-0.3419133990399367,0.16851279361259014,0.3234214950388623,-0.5051893214084884,1.0,0.04442939100433402,-0.09702589954245919,-0.009746864782652746,0.02975569149398706,-0.09885943078186799,0.052505249010867595,0.015295103532699746,-0.22989986617670755,-0.020383287601309565,-0.047789230726822285,-0.2204976220369665,0.1378315281431458,0.14434557936755454,0.29653116803369717,0.07968433161975469,-0.05580745349184487,-0.03640541709361937,-0.03594062835422362,-0.07385724966289303,0.07568888384943806,0.044000054040897026,-0.043240977226788824,-0.09687604812744369,-0.07136018101573594,0.07004735415562505,-0.010171244452710398,0.002124833959962014,-0.06568203894212989,-0.016536770844813732,-0.030923548718942814,0.16146475417763578,-0.196655217229298,-0.30740653467131795,-0.10794142310533515,-0.34306945691305296,-0.28226313004508985,0.2888783210881114,0.670485504935479,0.07793980047038843,0.030378962399455898,-0.14086506177488325,-0.07294683168520251,-0.09988863351857438,-0.03130792403762091,0.0029264554591721223,-0.028302585192252386,-0.009205363295719544,-0.028992054805581546,-0.010583283172113857,-0.06522832652547479,-0.041565478953368075,0.16393435508215323,0.15933043810107672,-0.0896392184064551,-0.0765363104144376,-0.004898679204506276,-0.008866471476198087,0.09764192343007479,-0.15477816303621958
wind_dir_deg,-0.014813254997073744,0.06987545482437794,0.10211143417178001,-0.12387458855323116,0.7527002155077738,-0.4199128105429492,-0.0660419070812727,0.0395508015736102,0.08085805908133781,0.004326373600580344,0.024049382022572622,-0.016331734939755854,-0.012198359845357361,0.014917625607538093,0.006692944341082435,-0.0014507302766929742,-0.03676282604759634,0.0071116815759376395,0.04442939100433402,1.0,-0.028167278681333213,0.09761480727187899,0.05035226664538699,-0.0076575774537903886,0.08096172786801648,0.038902521461040764,0.004395674498163684,-0.11489836010108245,-0.027398370016134935,0.010584890588417056,0.044546544711103656,0.045507680040054864,0.03537159946971121,0.0440081039994101,0.021161029364727833,0.025881138694950515,0.02489123595178691,0.0065371493393751486,-0.014917625607537285,-0.01085017712286541,0.0325214093389711,0.045729591873835816,-0.022713607854958445,-0.00404849500354338,-5.917747122509349e-06,0.009757837756501617,-0.023194542097415064,0.033138917104855684,0.00021773453805608344,-0.01220302710679702,0.057359634131753094,-0.02110042343921028,0.05313362150923604,-1.832024338255871e-05,0.012808130838575968,-0.014849067262616193,0.020495675814008216,-0.02618448414065066,-0.030959649241887884,-0.026480042446750368,-0.029631840969256182,0.017890816111903074,0.03325454636845429,0.03667720856159725,0.02573459474108081,0.028459110541214142,0.026714631337834048,0.029304549859613477,0.006964621607384124,0.010842591921464202,-0.0017201231558239488,-0.002358110292062515,-0.026787881071788717,-0.02476904203056676,0.03194317491476771,0.023612934527763432,0.041280404179623024,0.08508808369426737
wind_speed,-0.019628271121176436,0.04971255412386784,0.035978295963420975,-0.007542740443365495,-0.02808041402690298,0.032810405546808474,-0.07898177948590246,-0.24739708678341732,0.12674704733414324,-0.3249087629157687,-0.30770190995071434,0.3436104258583421,-0.015607323878247701,0.08933235463449789,-0.12710685516405887,0.15884393604099314,0.0062072268951924485,0.06271804696118419,-0.09702589954245919,-0.028167278681333213,1.0,-0.15572626339168888,-0.13307831648413854,-0.03787802168736498,-0.13467073345408986,-0.1040452799892314,0.02777005890047454,0.0007576978633016442,0.0012793260956066867,0.029996008246810372,0.10971516617655004,0.11436562413371996,-0.11770862700128107,-0.2596715465035886,-0.3408531340025074,-0.31087119467934726,-0.3205073821812746,-0.29267714772474523,-0.08933235463449704,-0.2956471491056782,-0.3248444100442618,0.11656660184328342,-0.13629253981759412,-0.00325985803551933,-0.06644292700543157,0.0410607608327577,-0.1366196545800495,0.032888698402632886,0.13324267938197068,-0.05869639209609577,0.09240432111141733,-0.1424785390831809,0.12873388135526123,-0.11386619684260006,0.2514598246394464,-0.24952399128574976,0.06939187332760681,0.0023758331334381103,-0.1956600163464915,0.6408643137451387,-0.08788707270631928,0.07466830430164681,-0.3269798187853736,-0.316327417377579,-0.32355446634281104,-0.31902206395810884,-0.3140416077336255,-0.310171844204888,-0.2965514754890758,-0.29670751044806387,0.15678073851460977,0.1504008364159997,0.9339950768584317,0.8575095338202238,-0.3290725828955114,-0.3294436046753662,-0.24608468324588037,0.12486202360456236
HCHO_satellite,0.08397742851979821,-0.08545907236515157,-0.06215411165308607,-0.05598850018851911,0.10814383686995918,-0.04558637539887443,0.07257261889768185,-0.02751754868715296,0.20271431467372897,-0.05530543484754066,-0.024207248735081257,0.0704804298258591,0.048399330006879675,-0.07084933184550797,-0.1549974489893399,0.13042653009456617,-0.05024708720964989,-0.014144939872050281,-0.009746864782652746,0.09761480727187899,-0.15572626339168888,1.0,0.9473607800210843,,0.3188616554375003,0.3082999988912619,-0.052194700836124534,-0.3179557716740351,-0.29148939795653955,-0.04709817997777332,0.25796421457729385,0.25042438788459853,0.1554957670386688,0.18244713473831584,0.02537437890672633,0.06553278071056572,0.06489704016365547,-0.002736257658585383,0.07084933184550803,-0.09427555349816978,-0.0034582704693978416,-0.03395516632153808,0.035995319098433995,0.07930888383807023,-0.15343081490720062,0.03181404786206948,0.042872517827338946,-0.023849927441659126,0.16621832503032358,0.148107368604125,-0.05008483120957233,-0.0762872136669902,-0.028063628325791214,-0.06637635751465193,0.08845301743557525,-0.09091287559101272,-0.06359113098253255,-0.1203815393015544,-0.014115876750380807,-0.06608033667673256,-0.07031716640601407,,-0.0753522859510327,-0.07216768170828898,0.0006494219876891769,-0.0012742805360535534,0.002365935560795966,-0.004669458043118346,-0.07438945141418711,-0.07647433366879502,0.119885511683916,0.12268805143285146,-0.15352819959091465,-0.14476366159261006,-0.0601674396558104,0.015723155950022286,-0.004694146067618919,0.20091617497029393
HCHO_satellite_daily,0.0665186378903192,-0.055939753966284304,-0.08421407272801305,0.014005719119095626,0.0353752334307609,-0.034018283322812364,0.019029765563432055,0.15911728563391908,0.06520234784889799,0.13166182207062158,0.16991979193452425,-0.002503530114729853,0.03671814965612224,0.005440681810238129,-0.029982685267147657,0.06636475284026659,-0.054483600005296805,-0.036563991567624424,0.02975569149398706,0.05035226664538699,-0.13307831648413854,0.9473607800210843,1.0,,0.297856414372013,0.3402486219426921,-0.04146738855727159,-0.3048028995261866,-0.31085009972953787,-0.03772666808411612,0.09862404319961571,0.0949183881585494,0.09150814520138642,0.21249578037570854,0.14000954044823719,0.1396776132832536,0.14187616798450164,0.11798480568439264,-0.005440681810238114,0.1278577080795518,0.08623960606872828,-0.06477067768798198,0.04641900395082107,0.030967811805317724,5.2168471890734245e-18,-0.015240748078121404,0.04912371539667235,-0.06325564992372888,3.00562119290875e-17,-2.19011473234857e-18,-0.047694030595119744,-0.03135553796301294,-0.04056103399669305,-0.031541864902223715,0.04985963298742726,-0.05105475239671825,-0.006551982507351151,-0.0997206071146476,0.05245898681540543,-0.04751539069743085,0.0016662900422279112,0.0018546080045635403,0.08623960606872828,0.08676557768941438,0.14187616798450164,0.13820248428723547,0.1396776132832536,0.1359969491465433,0.11798480568439264,0.11474372348604737,0.06607346796820292,0.06553134915481786,-0.13269138351264553,-0.13198497903320539,0.08521358484834855,0.13201412078664249,0.16299308587261252,0.06756020002651504
HCHO_satellite_flag,-0.06991030085724824,0.012962857503982652,-0.033983890971979604,0.08335968170204498,-0.021654965463796163,0.03813987969549784,-0.013999650040690058,0.08563131359342627,0.02410390912521752,0.07198708207765062,0.06320196780317029,0.011588826270185123,-0.061046292967598,-0.021316248037507753,0.10259208843282833,0.043871408134749254,-0.25364662509081565,0.09915534441053575,-0.09885943078186799,-0.0076575774537903886,-0.03787802168736498,,,1.0,-0.006669516311777614,-0.004370152884270097,0.60472087264572,,,0.642885081500711,-0.02286020466032897,-0.031430389709489595,-0.16332090887829886,0.014956357656773115,0.060825757577661586,0.043152719724903414,0.043765672739753056,0.09550766511818942,0.02131624803750749,0.07988120025216193,0.028441949872105018,0.002614657432700231,0.027289410979244404,-0.025454915401179883,0.00012817754714380768,-0.02051028027927674,0.025403777340497875,-0.016828264640749113,-2.34057969662442e-17,-0.00011301383371179318,-0.0033743224833071048,0.0755224944522236,-0.03989799082989339,0.0765004909348377,0.1388931633445646,-0.14255360908128062,-0.061338133742851554,-0.03894356025943494,-0.007408009918040115,0.0038697517536768733,-0.004472858894141277,-0.018522826426511627,0.02842968228894427,0.02800868499305872,0.04374457708446378,0.0422306837672291,0.04313096440761203,0.041614010834775506,0.09548269998840261,0.09400221326034966,0.04393932662013932,0.04400731008833964,-0.037674293713601516,-0.03775994275457236,0.029252253611848154,0.04789025302695844,0.08652762066702331,0.02572007383496686
